62118
57662
33982
9733
51805
25869
61661
44107
16862
12029
62857
23075
55271
35980
46843
9128
31775
44559
1086
58659
46585
42970
2612
43681
20952
2716
20474
20269
41626
1994
33878
5440
26887
2324
15173
45923
60959
44065
24494
12285
56093
54582
2592
45828
57793
49434
22187
56800
61224
56040
49923
42273
33474
19766
53185
54425
55249
40890
41925
31339
10115
10267
4011
37001
45358
19183
17388
40781
30479
9114
20298
53804
30927
22889
34096
23185
39554
23515
14449
2474
14019
31603
44747
14724
51369
65163
3614
8314
40518
12770
39652
50632
23037
10894
22098
2859
30076
6717
10871
27787
48597
63935
16055
13989
21288
17382
4405
28073
40896
18853
30547
22146
17687
42525
36870
36287
42152
7715
44600
17134
20484
51484
34998
43520
62377
24327
13610
59685
31043
57248
21936
46872
55647
5222
60860
44167
22603
32496
6704
30731
18580
4482
52876
36266
14238
56977
39785
23622
64691
18849
7987
19640
37564
42984
30391
1638
1775
44001
61322
50
35713
50489
46921
58591
55710
9477
37222
45544
41972
11158
10739
27783
48406
63615
64048
62644
55056
5529
53497
54212
57145
61483
41083
29173
6164
5938
30810
40705
49938
59363
40754
52882
11548
54906
45938
1722
31614
50391
14498
40817
61548
25236
3064
44419
23315
34344
8759
45603
39872
29487
1511
31481
25434
42593
27886
64364
48530
58695
39534
32933
19755
47519
53046
31302
36890
680
256
35735
51071
14753
11017
47083
39988
14080
58733
30535
15655
34723
10602
55527
64209
12112
54239
56875
54704
16589
55703
37698
9749
62468
37862
62270
44452
58140
28036
48573
58819
28291
18772
44354
10275
62555
25902
50263
11100
51866
15262
59521
21054
58630
49512
19727
5206
38216
11066
27141
54804
1234
32070
31784
30933
4397
28518
9849
29768
23786
58421
23051
19308
44425
1870
29583
41444
60538
14310
19775
46868
62338
13761
2386
55432
63272
54880
27869
3184
410
22241
25220
34410
54310
24235
65343
25938
52753
42423
55705
43770
35309
13221
63077
14198
47857
27124
22873
42859
8665
42648
56958
38234
56408
59344
60897
21376
15920
55997
57327
16329
12702
17011
17971
1477
41245
50545
60181
61229
27432
50351
39463
29972
30803
37005
44169
13124
31360
34274
55982
7257
11386
47404
45490
35025
8444
40852
56400
24363
64080
48191
7924
11247
32433
58661
45490
8143
43670
40135
36603
5566
24950
10531
35538
55752
14767
46938
3340
13358
15676
26553
20614
59828
41189
569
29317
49632
8652
52949
41227
7196
35604
16382
51209
35269
9507
31163
10643
20408
5763
47245
25973
30712
25007
28742
53696
39773
42912
57035
53131
25819
50820
8209
20112
26473
41544
49428
43336
17427
4073
19027
24623
6909
2640
10296
42177
44913
41459
52819
65320
47221
34528
58525
45164
59535
21731
33324
1004
64642
57591
54134
24926
42875
29575
12269
3812
5583
28928
14379
23010
33001
33406
14864
39909
3277
57926
16550
48190
33849
36600
47974
48301
5592
40963
60697
32358
29926
28485
33362
61799
53307
54727
53956
30646
51533
689
1689
24348
62384
16068
47357
29849
16705
29452
4222
19981
21842
53538
35402
22923
24602
17841
38455
62960
26035
33616
62550
55960
29333
30376
19456
17104
52334
7876
14982
38332
41332
16670
62679
38180
32737
11732
2493
16673
8415
39481
36654
63023
60250
39287
20410
52083
57127
26097
49507
50394
26944
46521
8050
56276
44128
27505
40612
63694
35381
55593
36490
11177
6727
865
49356
6696
45363
19080
23368
53777
58560
27253
51264
20506
1005
38906
7053
25363
32234
56559
10221
59177
4777
51038
17150
16136
13007
57761
14294
48387
15050
18015
26795
54543
51646
43382
61238
31473
62461
51838
19714
22717
46322
38210
43222
14558
11580
50274
7153
11045
8530
50140
4686
46073
35642
21835
62208
48649
46827
43734
64267
61876
28980
58294
50884
15091
36140
13818
13795
298
32887
33509
23014
13674
38950
33468
60998
17761
50973
2615
28805
59502
52755
722
7271
22861
55324
36711
38741
36615
14909
37473
188
11120
30231
18303
26210
33602
64887
40005
33899
32239
40745
24145
13144
14159
24844
8606
64686
10281
11221
27955
37015
31207
28676
44285
54067
18464
15460
27273
22311
63135
31977
55265
8720
29439
8032
2161
63040
7383
42165
64171
39621
50141
55547
52764
31531
14855
28602
30681
57902
39822
25867
29381
5493
21775
40898
26791
7470
56357
54063
29780
21189
53271
19509
29908
17174
60307
32068
14679
34922
41465
13314
9007
58837
36092
29003
24833
50946
57604
22745
43312
64657
48612
39925
37381
37618
15287
64171
45087
38875
19931
42099
60063
7666
28839
57202
57607
23611
56502
6750
58532
32431
52830
34770
58499
23386
31004
17796
41563
55839
7773
19339
54960
23616
26495
59572
61233
41781
58208
40784
15121
45370
50114
42415
20267
13418
34082
12338
37028
25048
19087
30024
24710
39148
32025
17673
29765
63029
35469
5792
53332
10473
57898
9989
34088
18857
4025
29785
60638
29464
37800
42990
9298
22379
19869
29565
35796
53950
41902
40055
46229
28221
4543
5403
1833
3799
23076
31598
1292
25776
4621
21856
36248
62518
31844
37567
48607
3100
1816
43709
32564
6847
53930
41861
29225
8263
5890
32252
29445
15024
6771
10138
43244
44080
15541
12308
47879
5848
11137
16402
64390
15758
38257
2334
45507
37332
39900
28578
40432
41715
39518
40227
15793
27912
16552
45018
3407
55209
44501
32851
4697
51272
10220
15172
29816
25760
60246
44926
64374
5848
28560
63228
54372
1281
26
1575
5845
39925
30153
13508
48871
36902
53734
64664
64814
4750
11378
35452
27190
23110
2767
64653
8846
12986
14289
5894
5978
41767
18051
37583
47614
46610
35276
3682
15123
2533
5256
20967
9690
2640
34474
25792
39542
55439
57687
6052
27420
36296
41503
54610
59406
11501
53727
35483
24486
35248
41376
63230
11479
26659
35278
26324
7733
37785
30005
22855
40317
2492
11053
17238
5132
12758
10262
11905
2661
2413
17956
30081
5941
26690
51922
65346
38190
7345
35293
29907
42592
43901
27602
21302
5024
62879
47625
45523
35128
44861
35610
42676
47353
46662
27146
19716
59420
37407
31620
29312
7051
16807
26624
12991
43496
13010
12801
48917
20355
15326
13288
30178
26458
8121
18712
31481
38231
33568
44235
40590
12894
14309
50498
27478
60971
12108
47193
22087
16746
13277
18630
23796
62850
45254
36787
40810
25495
16819
56958
13081
64911
37477
10491
25833
45598
29202
24545
51060
62769
3245
26115
42894
17553
11077
4836
45755
55951
19260
35073
7161
32536
53703
30956
62617
653
34974
37891
26147
19025
62080
6460
51167
34022
16950
11465
46851
46151
3241
32375
10616
6485
58489
53510
56805
36797
25577
4256
27212
44837
39329
34372
44604
60263
32560
41686
60915
34765
46808
54293
21021
43353
60752
6653
44606
12166
18117
25921
25548
21357
25527
3396
60609
18481
24137
19110
22509
49713
23365
49721
61781
29925
51324
40850
57419
18348
49767
52798
20345
63806
8788
41365
41623
36771
15249
53460
48937
33365
46612
41716
21954
6604
12343
49794
57851
36479
3368
14824
53424
59499
31776
49669
56656
17565
57750
48539
3144
9213
3034
23488
7484
11821
32085
16338
48591
47333
4263
64759
47930
50874
8172
37115
24709
20514
54140
17024
24225
24739
64615
12113
18702
30855
29013
42589
15651
21228
25593
18795
63207
61393
9514
5155
7678
41598
21493
23500
56163
25755
55491
5789
43860
30894
42903
3034
18639
31507
52824
42863
56245
19135
54975
42178
17222
51220
19232
32872
39679
12056
51666
37350
7913
28412
42505
48357
37241
63997
6321
27868
56983
29043
33656
2539
59936
43790
38339
45807
42528
25628
23134
33237
11994
45341
42647
29215
31025
61878
62087
5168
41165
15449
9749
49077
43860
52253
31898
15566
17946
5450
10665
9393
1725
11553
44699
61660
55342
17502
9163
32335
10361
32297
32803
22355
44869
42681
51569
10358
6255
15352
48292
47419
30801
58040
30960
41892
11990
30089
57457
29935
35539
35354
6560
37263
46906
51258
619
3944
3224
9782
3510
46352
9310
36313
3171
54178
46225
21971
31767
52480
37323
47290
34363
35355
39794
65323
11711
19015
29876
36400
48950
32646
6218
55509
37140
53123
8463
37759
24298
44453
14772
27808
25269
24081
31352
61206
45490
12041
17642
11721
64520
22196
59010
33348
57550
500
367
3725
19515
63009
7356
35696
30120
13573
25669
34491
33927
1363
6714
58225
45815
54252
53264
38316
45564
19080
33986
25518
31120
18859
37238
30105
41054
63479
30684
300
31211
31050
36792
50725
61290
44147
20885
58641
24952
13785
27597
58878
47914
1542
18799
28193
55794
6527
33740
35822
25606
34958
28572
23958
53816
274
54062
62102
30985
51977
62401
62195
50258
889
14616
46012
45036
35500
39118
4452
16516
1179
30561
64429
2720
49360
59853
58513
23118
28058
61567
15956
63015
24603
39913
18527
57643
61206
15093
55859
47647
44726
52518
32369
45614
1598
12845
57881
4329
19194
29564
20844
20372
60125
52504
23092
11181
46822
48836
1530
9344
12099
17485
39590
36701
57397
58116
61576
20299
7674
51899
2410
19631
6114
2010
65244
7711
47622
57590
44807
1280
54385
32882
21652
16206
19851
11975
60153
1137
28042
61683
43247
40141
46399
17301
44073
5493
42648
7345
25791
50321
59244
60968
4416
32589
62977
36892
7531
45063
61713
52337
13575
50562
19684
35226
1233
39534
14432
28617
7902
42473
24764
51148
49845
5628
35680
61150
11120
12792
2959
4142
30345
29434
65109
1992
62022
62551
38883
4018
9310
2292
23586
55651
52854
43269
58108
21318
50034
7004
17166
57935
16709
41930
10779
1018
14789
13690
62167
25908
26482
65126
30049
56826
61791
62390
26049
58278
26637
64932
62295
35946
34455
20345
58829
54540
30846
51401
43089
48111
58405
60255
7743
42345
36649
18521
43362
51437
32211
7226
44576
25924
39583
41856
49981
35838
38710
10494
28580
65346
42657
58106
2989
11577
45683
61817
581
43760
47682
43670
26335
7783
38389
1309
50127
9502
19830
60721
28170
19272
35178
39977
12427
9225
16297
62407
12294
55007
7365
8106
22049
50022
33443
25037
28830
46357
21318
29410
24581
36232
7544
18148
11246
13164
19456
28605
55432
6517
23790
18066
58555
26199
58042
5446
2655
41571
35084
14948
31042
42449
55820
53090
59702
23728
45359
22996
37316
1141
19637
29129
4604
27181
47276
15850
7576
33963
44454
63008
7712
35475
15538
33498
28905
40812
38944
31559
16847
8492
13738
15120
18172
4023
35441
45105
60517
15264
2565
32297
49172
22202
28657
21007
16614
10397
4088
24189
11592
48541
21661
52070
51247
4431
20032
14616
12474
26207
13406
62087
1931
27144
11671
52869
63933
14343
32439
26146
62374
35003
25674
13242
24436
54331
34248
8281
31959
38336
32470
43550
54108
21362
62851
7052
58559
17348
54434
5497
43554
2305
2048
12716
62215
46485
50
60612
60828
32488
21222
24898
34722
46895
38139
26390
2922
39618
34670
34881
12418
34371
45662
33758
55733
42978
8041
48756
60325
62474
21485
5575
64778
23532
51058
61457
4482
51107
23765
32541
50826
44986
57438
20012
59113
62808
46401
29266
36890
15536
64146
16540
17138
44273
17529
7335
21715
25569
23323
49271
22507
44807
22077
54517
35570
7599
50438
7283
25937
8668
7055
11227
20885
31724
64006
47229
28996
44871
10960
33118
27638
9570
16889
44776
21074
34417
19342
10020
59985
9896
59290
49723
21934
48599
38704
57504
56197
56374
64786
49366
65041
39073
60592
53157
5261
59062
34851
34257
5630
13042
34606
33267
22611
51494
45274
10917
20375
31848
20936
47591
41743
47458
31778
63677
30521
37714
55645
53949
28552
22127
37779
28057
61199
68
48445
925
26361
17760
2413
31990
30801
37018
32489
20644
55743
12227
31560
10582
11306
19727
58172
53049
1649
57181
51190
64936
29359
8531
20582
57910
63424
25592
53198
26320
25659
3340
60011
19252
21099
62423
51241
19132
1137
18194
7007
56879
63188
5798
34692
8958
25524
60095
62006
59940
51740
14892
26572
48331
56189
47153
7937
54078
39977
28367
14862
32867
31706
9337
52118
20036
38991
37824
6399
7359
23249
13405
64237
20901
19202
625
62626
11958
60719
26328
39129
14155
41220
165
29717
64640
14550
37654
53182
54526
33252
35275
21857
64957
11843
8440
52224
50833
13495
58623
58191
36743
6492
24124
24876
58461
24748
21966
37650
52698
15525
11243
1318
23976
11407
31034
23081
25956
35919
10727
14946
3635
13234
4035
3056
25076
45241
22512
43141
58735
15599
35796
29942
54857
27152
22049
47782
19131
44014
19896
6294
59539
63905
7611
50746
9777
5876
8291
2964
41795
51785
50677
45429
65018
54711
15717
24558
34416
38228
34930
60382
21058
5191
57555
10379
65109
14069
25393
18704
25314
12520
57764
52084
10890
32606
37295
53433
38482
45585
56396
14741
31834
8769
27401
31316
30711
10349
23106
32358
48576
58035
27204
36865
30457
19224
47244
62797
33292
7101
48733
58605
19620
40961
45154
63276
8032
16913
