62118
57662
33982
9733
51805
25869
61661
44107
16862
12029
62857
23075
55271
35980
46843
9128
31775
44559
1086
58659
46585
42970
2612
43681
20952
2716
20474
20269
41626
1994
33878
5440
26887
2324
15173
45923
60959
44065
24494
12285
56093
54582
2592
45828
57793
49434
22187
56800
61224
56040
49923
42273
33474
19766
53185
54425
55249
40890
41925
31339
10115
10267
4011
37001
45358
19183
17388
40781
30479
9114
20298
53804
30927
22889
34096
23185
39554
23515
14449
2474
14019
31603
44747
14724
51369
65163
3614
8314
40518
12770
39652
50632
23037
10894
22098
2859
30076
6717
10871
27787
48597
63935
16055
13989
21288
17382
4405
28073
40896
18853
30547
22146
17687
42525
36870
36287
42152
7715
44600
17134
20484
51484
34998
43520
62377
24327
13610
59685
31043
57248
21936
46872
55647
5222
60860
44167
22603
32496
6704
30731
18580
4482
52876
36266
14238
56977
39785
23622
64691
18849
7987
19640
37564
42984
30391
1638
1775
44001
61322
50
35713
50489
46921
58591
55710
9477
37222
45544
41972
11158
10739
27783
48406
63615
64048
62644
55056
5529
53497
54212
57145
61483
41083
29173
6164
5938
30810
40705
49938
59363
40754
52882
11548
54906
45938
1722
31614
50391
14498
40817
61548
25236
3064
44419
23315
34344
8759
45603
39872
29487
1511
31481
25434
42593
27886
64364
48530
58695
39534
32933
19755
47519
53046
31302
36890
680
256
35735
51071
14753
11017
47083
39988
14080
58733
30535
15655
34723
10602
55527
64209
12112
54239
56875
54704
16589
55703
37698
9749
62468
37862
62270
44452
58140
28036
48573
