62118
57662
33982
9733
51805
25869
61661
44107
16862
12029
62857
23075
55271
35980
46843
9128
31775
44559
1086
58659
46585
42970
2612
43681
20952
2716
20474
20269
41626
1994
33878
5440
26887
2324
15173
45923
60959
44065
24494
12285
56093
54582
2592
45828
57793
49434
22187
56800
61224
56040
49923
42273
33474
19766
53185
54425
55249
40890
41925
31339
10115
10267
4011
37001
45358
19183
17388
40781
30479
9114
20298
53804
30927
22889
34096
23185
39554
23515
14449
2474
14019
31603
44747
14724
51369
65163
3614
8314
40518
12770
39652
50632
23037
10894
22098
2859
30076
6717
10871
27787
48597
63935
16055
13989
21288
17382
4405
28073
40896
18853
30547
22146
17687
42525
36870
36287
42152
7715
44600
17134
20484
51484
34998
43520
62377
24327
13610
59685
31043
57248
21936
46872
55647
5222
60860
44167
22603
32496
6704
30731
18580
4482
52876
36266
14238
56977
39785
23622
64691
18849
7987
19640
37564
42984
30391
1638
1775
44001
61322
50
35713
50489
46921
58591
55710
9477
37222
45544
41972
11158
10739
27783
48406
63615
64048
62644
55056
5529
53497
54212
57145
61483
41083
29173
6164
5938
30810
40705
49938
59363
40754
52882
11548
54906
45938
1722
31614
50391
14498
40817
61548
25236
3064
44419
23315
34344
8759
45603
39872
29487
1511
31481
25434
42593
27886
64364
48530
58695
39534
32933
19755
47519
53046
31302
36890
680
256
35735
51071
14753
11017
47083
39988
14080
58733
30535
15655
34723
10602
55527
64209
12112
54239
56875
54704
16589
55703
37698
9749
62468
37862
62270
44452
58140
28036
48573
58819
28291
18772
44354
10275
62555
25902
50263
11100
51866
15262
59521
21054
58630
49512
19727
5206
38216
11066
27141
54804
1234
32070
31784
30933
4397
28518
9849
29768
23786
58421
23051
19308
44425
1870
29583
41444
60538
14310
19775
46868
62338
13761
2386
55432
63272
54880
27869
3184
410
22241
25220
34410
54310
24235
65343
25938
52753
42423
55705
43770
35309
13221
63077
14198
47857
27124
22873
42859
8665
42648
56958
38234
56408
59344
60897
21376
15920
55997
57327
16329
12702
17011
17971
1477
41245
50545
60181
61229
27432
50351
39463
29972
30803
37005
44169
13124
31360
34274
55982
7257
11386
47404
45490
35025
8444
40852
56400
24363
64080
48191
7924
11247
32433
58661
45490
8143
43670
40135
36603
5566
24950
10531
35538
55752
14767
46938
3340
13358
15676
26553
20614
59828
41189
569
29317
49632
8652
52949
41227
7196
35604
16382
51209
35269
9507
31163
10643
20408
5763
47245
25973
30712
25007
28742
53696
39773
42912
57035
53131
25819
50820
8209
20112
26473
41544
49428
43336
17427
4073
19027
24623
6909
2640
10296
42177
44913
41459
52819
65320
47221
34528
58525
45164
59535
21731
33324
1004
64642
57591
54134
24926
42875
29575
12269
3812
5583
28928
14379
23010
33001
33406
14864
39909
3277
57926
16550
48190
33849
36600
47974
48301
5592
40963
60697
32358
29926
28485
33362
61799
53307
54727
53956
30646
51533
689
1689
24348
62384
16068
47357
29849
16705
29452
4222
19981
21842
53538
35402
22923
24602
17841
38455
62960
26035
33616
62550
55960
29333
30376
19456
17104
52334
7876
14982
38332
41332
16670
62679
38180
32737
11732
2493
16673
8415
39481
36654
63023
60250
39287
20410
52083
57127
26097
49507
50394
26944
46521
8050
56276
44128
27505
40612
63694
35381
55593
36490
11177
6727
865
49356
6696
45363
19080
23368
53777
58560
27253
51264
20506
1005
38906
7053
25363
32234
56559
10221
59177
4777
51038
17150
16136
13007
57761
14294
48387
15050
18015
26795
54543
51646
43382
61238
31473
62461
51838
19714
22717
46322
38210
43222
14558
11580
50274
7153
11045
8530
50140
4686
46073
35642
21835
62208
48649
46827
43734
64267
61876
28980
58294
50884
15091
36140
13818
13795
298
32887
33509
23014
13674
38950
33468
60998
17761
50973
2615
28805
59502
52755
722
7271
22861
55324
36711
38741
36615
14909
37473
188
11120
30231
18303
26210
33602
64887
40005
33899
32239
40745
24145
13144
14159
24844
8606
64686
10281
11221
27955
37015
31207
28676
44285
54067
18464
15460
27273
22311
63135
31977
55265
8720
29439
8032
2161
63040
7383
42165
64171
39621
50141
55547
52764
31531
14855
28602
30681
57902
39822
25867
29381
5493
21775
40898
26791
7470
56357
54063
29780
21189
53271
19509
29908
17174
60307
32068
14679
34922
41465
13314
9007
58837
36092
29003
24833
50946
57604
22745
43312
64657
48612
39925
37381
37618
15287
64171
45087
38875
19931
42099
60063
7666
28839
57202
57607
23611
56502
6750
58532
32431
52830
34770
58499
23386
31004
17796
41563
55839
7773
19339
54960
23616
26495
59572
61233
41781
58208
40784
15121
45370
50114
42415
20267
13418
34082
12338
37028
25048
19087
30024
24710
39148
32025
17673
29765
63029
35469
5792
53332
10473
57898
9989
34088
18857
4025
29785
60638
29464
37800
42990
9298
22379
19869
29565
35796
53950
41902
40055
46229
28221
4543
5403
1833
3799
23076
31598
1292
25776
4621
21856
36248
62518
31844
37567
48607
3100
1816
43709
32564
6847
53930
41861
29225
8263
5890
32252
29445
15024
6771
10138
43244
44080
15541
12308
47879
5848
11137
16402
64390
15758
38257
2334
45507
37332
39900
28578
40432
41715
39518
40227
15793
27912
16552
45018
3407
55209
44501
32851
4697
51272
10220
15172
29816
25760
60246
44926
64374
5848
28560
63228
54372
1281
26
1575
5845
39925
30153
13508
48871
36902
53734
64664
64814
4750
11378
35452
27190
23110
2767
64653
8846
12986
14289
5894
5978
41767
18051
37583
47614
46610
35276
3682
15123
2533
5256
20967
9690
2640
34474
25792
39542
55439
57687
6052
27420
36296
41503
54610
59406
11501
53727
35483
24486
35248
41376
63230
11479
26659
35278
26324
7733
37785
30005
22855
40317
2492
11053
17238
5132
12758
10262
11905
2661
2413
17956
30081
5941
26690
51922
65346
38190
7345
35293
29907
42592
43901
27602
21302
5024
62879
47625
45523
35128
44861
35610
42676
47353
46662
27146
19716
59420
37407
31620
29312
7051
16807
26624
12991
43496
13010
12801
48917
20355
15326
13288
30178
26458
8121
18712
31481
38231
33568
44235
40590
12894
14309
50498
27478
60971
12108
47193
22087
16746
13277
18630
23796
62850
45254
36787
40810
25495
16819
56958
13081
64911
37477
10491
25833
45598
29202
24545
51060
62769
3245
26115
42894
17553
11077
4836
45755
55951
19260
35073
7161
32536
53703
30956
62617
653
34974
37891
26147
19025
62080
6460
51167
34022
16950
11465
46851
46151
3241
32375
10616
6485
58489
53510
56805
36797
25577
4256
27212
44837
39329
34372
44604
60263
32560
41686
60915
34765
46808
54293
21021
43353
60752
6653
44606
12166
18117
25921
25548
21357
25527
3396
60609
18481
24137
19110
22509
49713
23365
49721
61781
29925
51324
40850
57419
18348
49767
52798
20345
63806
8788
41365
41623
36771
15249
53460
48937
33365
46612
41716
21954
6604
12343
49794
57851
36479
3368
14824
53424
59499
31776
49669
56656
17565
57750
48539
3144
9213
3034
23488
7484
11821
32085
16338
48591
47333
4263
64759
47930
50874
8172
37115
24709
20514
54140
17024
24225
24739
64615
12113
18702
30855
29013
42589
15651
21228
25593
18795
63207
61393
9514
5155
7678
41598
21493
23500
56163
25755
55491
5789
43860
30894
42903
3034
18639
31507
52824
42863
56245
19135
54975
42178
17222
51220
19232
32872
39679
12056
51666
37350
7913
28412
42505
48357
37241
63997
6321
27868
56983
29043
33656
2539
59936
43790
38339
45807
42528
25628
23134
33237
11994
45341
42647
29215
31025
61878
62087
5168
41165
15449
9749
49077
43860
52253
31898
15566
17946
5450
10665
9393
1725
11553
44699
61660
55342
17502
9163
32335
10361
32297
32803
22355
44869
42681
51569
10358
6255
15352
48292
47419
30801
58040
30960
41892
11990
30089
57457
29935
35539
35354
6560
37263
46906
51258
619
3944
3224
9782
3510
46352
9310
36313
3171
54178
46225
21971
31767
52480
37323
47290
34363
35355
39794
65323
11711
19015
29876
36400
48950
32646
6218
55509
37140
53123
8463
37759
24298
44453
14772
27808
25269
24081
31352
61206
45490
12041
17642
11721
64520
22196
59010
33348
57550
500
367
3725
19515
63009
7356
35696
30120
13573
25669
34491
33927
1363
6714
58225
45815
54252
53264
38316
45564
19080
33986
25518
31120
18859
37238
30105
41054
63479
30684
300
31211
31050
36792
50725
61290
44147
20885
58641
24952
13785
27597
58878
47914
1542
18799
28193
55794
6527
33740
35822
25606
34958
28572
23958
53816
274
54062
62102
30985
51977
62401
62195
50258
889
14616
46012
45036
35500
39118
4452
16516
1179
30561
64429
2720
49360
59853
58513
23118
28058
61567
15956
63015
24603
39913
18527
57643
61206
15093
55859
47647
44726
52518
32369
45614
1598
12845
57881
4329
19194
29564
20844
20372
60125
52504
23092
11181
46822
48836
1530
9344
12099
17485
39590
36701
57397
58116
61576
20299
7674
51899
2410
19631
6114
2010
65244
7711
47622
57590
44807
1280
54385
32882
21652
16206
19851
11975
60153
1137
28042
61683
43247
40141
46399
17301
44073
5493
42648
7345
25791
50321
59244
60968
4416
32589
62977
36892
7531
45063
61713
52337
13575
50562
19684
35226
1233
39534
14432
28617
7902
42473
24764
51148
49845
5628
35680
61150
11120
12792
2959
4142
30345
29434
65109
1992
62022
62551
38883
4018
9310
2292
23586
55651
52854
43269
58108
21318
50034
7004
17166
57935
16709
41930
10779
1018
14789
13690
62167
25908
26482
65126
30049
56826
61791
62390
26049
58278
26637
64932
62295
35946
34455
20345
58829
54540
30846
51401
43089
48111
58405
60255
7743
42345
36649
18521
43362
51437
32211
7226
44576
25924
39583
41856
49981
35838
38710
10494
28580
65346
42657
58106
2989
11577
45683
61817
581
43760
47682
43670
26335
7783
38389
1309
50127
9502
19830
60721
28170
19272
35178
39977
12427
9225
16297
62407
12294
55007
7365
8106
22049
50022
33443
25037
28830
46357
21318
29410
24581
36232
7544
18148
11246
13164
19456
28605
55432
6517
23790
18066
58555
26199
58042
5446
2655
41571
35084
14948
31042
42449
55820
53090
59702
23728
45359
22996
37316
1141
19637
29129
4604
27181
47276
15850
7576
33963
44454
63008
7712
35475
15538
33498
28905
40812
38944
31559
16847
8492
13738
15120
18172
4023
35441
45105
60517
15264
2565
32297
49172
22202
28657
21007
16614
10397
4088
24189
11592
48541
21661
52070
51247
4431
20032
14616
12474
26207
13406
62087
1931
27144
11671
52869
63933
14343
32439
26146
62374
35003
25674
13242
24436
54331
34248
8281
31959
38336
32470
43550
54108
21362
62851
7052
58559
17348
54434
5497
43554
2305
2048
12716
62215
46485
50
60612
60828
32488
21222
24898
34722
46895
38139
26390
2922
39618
34670
34881
12418
34371
45662
33758
55733
42978
8041
48756
60325
62474
21485
5575
64778
23532
51058
61457
4482
51107
23765
32541
50826
44986
57438
20012
59113
62808
46401
29266
36890
15536
64146
16540
17138
44273
17529
7335
21715
25569
23323
49271
22507
44807
22077
54517
35570
7599
50438
7283
25937
8668
7055
11227
20885
31724
64006
47229
28996
44871
10960
33118
27638
9570
16889
44776
21074
34417
19342
10020
59985
9896
59290
49723
21934
48599
38704
57504
56197
56374
64786
49366
65041
39073
60592
53157
5261
59062
34851
34257
5630
13042
34606
33267
22611
51494
45274
10917
20375
31848
20936
47591
41743
47458
31778
63677
30521
37714
55645
53949
28552
22127
37779
28057
61199
68
48445
925
26361
17760
2413
31990
30801
37018
32489
20644
55743
12227
31560
10582
11306
19727
58172
53049
1649
57181
51190
64936
29359
8531
20582
57910
63424
25592
53198
26320
25659
3340
60011
19252
21099
62423
51241
19132
1137
18194
7007
56879
63188
5798
34692
8958
25524
60095
62006
59940
51740
14892
26572
48331
56189
47153
7937
54078
39977
28367
14862
32867
31706
9337
52118
20036
38991
37824
6399
7359
23249
13405
64237
20901
19202
625
62626
11958
60719
26328
39129
14155
41220
165
29717
64640
14550
37654
53182
54526
33252
35275
21857
64957
11843
8440
52224
50833
13495
58623
58191
36743
6492
24124
24876
58461
24748
21966
37650
52698
15525
11243
1318
23976
11407
31034
23081
25956
35919
10727
14946
3635
13234
4035
3056
25076
45241
22512
43141
58735
15599
35796
29942
54857
27152
22049
47782
19131
44014
19896
6294
59539
63905
7611
50746
9777
5876
8291
2964
41795
51785
50677
45429
65018
54711
15717
24558
34416
38228
34930
60382
21058
5191
57555
10379
65109
14069
25393
18704
25314
12520
57764
52084
10890
32606
37295
53433
38482
45585
56396
14741
31834
8769
27401
31316
30711
10349
23106
32358
48576
58035
27204
36865
30457
19224
47244
62797
33292
7101
48733
58605
19620
40961
45154
63276
8032
16913
51173
46513
29729
9266
28485
61563
18034
23117
60110
48745
33466
50447
15567
49273
10179
10003
20603
7867
29226
2311
5129
29749
42178
53861
22818
29029
29286
35203
26770
4549
19347
45174
18293
49076
54439
46777
12335
39705
37126
6909
55681
5056
24588
38479
21560
1998
48481
42162
9864
12171
11704
14992
9151
21113
36084
31969
50142
32602
34403
44143
37150
53750
56548
55443
4522
45452
3916
16856
52388
41041
56531
42533
13328
48350
15476
2120
50347
63957
44281
60211
43359
23217
42434
52510
44329
12983
51710
61702
12816
53344
7541
49965
41558
64089
7104
13311
11237
43787
62933
63624
52059
21161
7853
65387
3975
23328
1971
21554
54516
13483
16229
65107
36699
25894
52081
48260
6108
5487
11658
18923
58830
19199
36120
2085
17752
43223
15395
61755
21474
45560
59843
7998
1185
2160
40616
37926
58254
9818
59479
14467
56067
42939
14038
59998
3298
33350
42722
42172
38836
21611
61095
64897
40809
64446
1446
25792
42133
49608
22011
30839
62399
49085
6068
63583
51244
13915
3205
11195
56499
62684
25661
47030
7319
6930
41492
10616
40279
51445
20020
46346
7521
15579
45707
48329
14489
14385
8586
23853
31224
63363
21923
28087
46913
60757
58901
65388
9136
62105
11047
32866
26485
3939
14361
33804
43635
55852
11651
51145
41762
31670
31955
16514
14480
44894
64842
61735
26510
40659
52820
57733
38487
9207
53051
52631
37196
13648
52483
13563
10217
30762
46429
3934
34700
60789
4969
12800
18337
16619
63944
60098
15521
63131
11076
30000
9721
43150
26200
36230
51040
13484
61194
23991
55457
15941
43853
27117
29588
30801
40680
7036
61562
21573
10969
63493
49593
15937
43524
2394
65323
9165
29724
15308
6760
8031
45307
49247
51180
38738
19941
36685
19453
48366
27907
9375
64306
6225
3723
61125
4257
44402
2625
283
33206
46361
63775
17263
29529
41764
52424
29316
50928
16612
11855
24919
24642
24394
8630
43054
63131
61337
46970
49816
44167
9341
59190
10169
48332
30144
5758
52588
9011
41149
20102
9448
21974
18342
59478
18735
27337
46366
48050
45496
62977
27137
4879
54850
51530
46275
32368
16357
42076
13802
637
53474
55910
27058
63642
5938
57202
36631
25758
33444
12244
45859
10123
1450
31432
4065
20184
58768
17662
35465
5960
15103
62601
10838
37185
15827
57112
4017
32184
884
17819
52
54357
40960
27110
52463
46897
51543
56325
7119
19451
3034
52978
62340
37250
51641
870
57433
12106
18531
60129
18065
866
24427
61670
38050
40253
20478
9298
39668
21362
59883
6952
10183
35307
34061
29878
16669
52835
20667
56554
39517
56467
11228
36321
28181
62869
37190
52845
9439
22953
14671
60270
56585
39097
56404
29099
46581
11347
5628
20714
65475
65511
27665
42889
35282
28957
7231
19182
16256
60665
42968
23004
18828
54195
59324
14241
18760
63746
34317
28198
21163
48987
55700
12212
22548
46568
8542
3594
25146
14169
57074
25085
14144
51970
35206
16658
48158
9668
3071
64413
4797
46038
21881
56392
34698
48436
37864
53457
46646
6645
48887
2273
55632
39051
47251
45411
52850
55792
16236
45228
37193
40541
4777
18568
26975
39982
35225
9597
49650
38296
41241
21678
18798
30353
45301
20727
13254
17629
8649
27131
57041
57535
29404
14369
63817
43886
59779
18363
1375
43247
63590
38567
18252
35599
24366
12459
10045
59591
54822
26926
32351
30528
15836
18380
28112
28368
39107
8597
13229
14987
35728
4734
39753
32363
19102
38034
10713
46112
23628
44854
56590
21683
50652
42074
57281
9483
54532
34557
3538
43818
28715
3120
41577
44550
54266
36921
40149
60604
45517
53377
10055
48476
25342
49807
15303
44443
55072
58783
57787
13165
5333
16073
2079
55985
58146
59359
32699
14374
28380
3468
25424
57094
6587
34232
3340
28084
5617
43489
23153
18366
64097
439
1306
23904
17478
16609
35578
39781
42623
60596
20177
47955
11134
22255
5636
3744
16078
38334
50885
11690
41801
10773
3248
15619
45004
39355
43703
50621
50075
34087
3451
48636
34525
37523
7004
19234
21363
42582
59015
63985
37642
46423
13637
16007
3143
19272
19751
51987
57606
37867
63676
33871
48639
34156
49490
28107
40742
27657
45959
25281
28975
16641
8381
30731
54164
48152
49965
9991
57965
10676
41208
30071
57098
54844
46078
27472
8580
33060
46691
650
5391
12063
1753
21261
13450
51242
49367
54191
46130
29791
13936
9569
13663
55084
40299
2291
37700
57495
45049
30129
35402
20721
27431
59732
42796
40740
21668
18607
41031
35590
52024
13653
47653
53776
34913
61102
39482
51512
49758
52843
48534
30925
62411
62196
20473
4406
31719
25404
29133
11232
22764
64534
64719
50195
58730
41979
58166
47630
60585
33662
17684
14305
47314
32568
2545
49459
28135
9258
2667
45124
62100
51200
10513
26207
47860
63753
63380
14043
23621
26977
58041
46385
25975
57224
63811
51937
899
56441
1263
28716
57334
51713
43020
6345
18746
45565
55803
46880
22054
58469
59235
51386
11365
4212
12057
59224
2429
9901
40499
58817
4109
236
6898
30084
57460
37940
49252
58358
28845
50514
54305
53411
36691
31790
59755
55436
44586
17254
4012
33871
42954
63246
19721
54318
34690
31778
15238
4350
8910
22968
30398
13019
23204
37295
10334
47895
9699
26817
7949
5776
11795
62254
26418
15717
28508
20637
38385
40325
5122
42396
8660
48075
7339
28381
4089
9260
27390
52093
13609
3531
9526
44007
49316
65496
48533
59649
47855
25464
20930
55803
64006
65491
52521
24888
15673
48260
12756
21289
23049
17877
63684
64476
33183
38254
60088
37271
47513
21942
23828
61122
25472
585
6825
42020
545
55357
36133
15631
15285
24295
5899
13755
57017
58419
5874
7154
8376
18629
28442
64191
36505
59358
63131
36919
64843
57683
41421
14053
46856
32481
42406
39560
33065
49230
16044
842
39051
52176
16472
21568
43702
22370
2554
35184
48021
8428
9569
23628
27056
5243
22283
30793
31832
19879
34943
31139
12026
10829
12423
58882
43309
54828
32906
43605
38522
16181
44446
44805
2821
28150
837
13755
17751
36157
48938
33003
44584
25738
56630
38872
63747
13378
36896
30043
488
39070
28414
12513
49898
40836
38626
60438
30129
38763
38508
3115
54943
50185
15151
24996
45566
48754
5982
63317
19376
22151
30784
31191
47888
54646
37294
46100
2488
41421
10607
2975
14956
6252
48254
64853
47088
54112
26988
44448
27339
65495
14794
49514
17376
29945
41741
62942
13163
47722
60723
65305
4337
58738
30961
52224
47848
35486
20
17567
11372
43394
53308
26327
49645
36027
58411
63964
24603
19863
42876
19173
52589
24902
35918
37197
54846
12123
34603
35240
27076
62557
2242
31412
22991
434
50868
38071
35919
50887
55637
47290
61512
43410
40848
12854
46668
956
11282
38502
20818
21390
24906
40639
13523
60824
12300
2833
40178
14134
5304
1719
11155
7545
33130
1377
40745
51229
39447
11129
3813
62316
25650
65324
40190
963
12642
54089
1918
56691
27055
55502
45312
51960
63372
58834
47248
10136
28898
54658
57036
34201
56376
35422
8978
56737
36799
16954
42431
10710
28082
46243
7490
53732
13263
14911
21926
25905
3464
56610
49827
63285
46576
29603
49710
44413
22901
64189
21780
19030
53311
13281
20462
44151
48702
62206
35353
52732
13625
45015
63442
41706
25722
38163
62669
6216
20306
19059
32120
56536
42900
49178
54286
23941
13245
5692
35585
3377
4345
57364
22406
57656
37876
10100
3503
53810
6770
6087
41006
20394
51101
6144
29332
44054
11539
26465
50270
31844
12756
49621
22844
55655
33264
44361
46827
13740
50052
16876
49884
54397
41472
39521
13749
46579
49620
50018
34853
56390
56105
10324
11248
8902
49234
40579
20188
60772
34276
37689
27080
47031
21774
17156
4382
22269
61516
51209
36009
13265
35316
53124
2126
11252
27109
48641
57831
11194
33123
59915
2048
56459
37470
46062
32593
21169
53873
52780
16405
22613
24933
10717
36875
13938
60639
8488
36207
23851
59696
39447
37115
62244
27035
6472
7960
21375
22344
33022
32568
22699
60169
1847
46389
32103
15141
13446
53271
36245
33457
36908
26089
25621
14856
62963
39559
42726
38682
42997
1041
75
49675
5388
62318
43941
44626
37509
65315
1435
4996
65115
24133
32396
34193
37753
64498
49333
51199
19466
20042
51887
23605
13362
11973
5692
10789
18763
48417
16703
28991
16689
16777
13130
22076
13559
24302
33934
51067
24081
2600
23294
56427
59499
55689
25085
31716
21884
41649
17379
41349
28923
3731
32185
42284
48470
37876
20305
1697
20757
37007
30687
4677
53783
11048
26753
34573
35349
27918
20104
26661
30517
10630
50320
24480
783
42636
56195
22666
18749
40806
31246
14903
11768
63430
24419
60237
3002
11955
29165
23758
16193
27083
28435
37207
5362
22419
6244
40710
17568
59114
34602
48084
4208
19386
7028
4991
62021
30454
60423
48002
5724
26134
30136
50258
56795
54554
44959
59797
33740
41355
50786
49932
2902
46452
21603
41030
36102
60613
16204
53669
54192
18038
3449
58399
37423
43243
63389
33909
8162
25509
49142
46652
18874
13742
31375
42900
35528
43565
37161
3732
19385
55179
20896
55053
3327
9730
30548
39429
4808
13983
60329
26231
32020
63778
19094
36675
41485
49715
37815
16878
9688
21421
63530
28561
2394
62136
5925
37921
40165
10318
8885
26781
32728
62547
49066
36054
39508
46845
42714
44315
60827
4740
5010
60079
2982
56871
31218
11698
41050
36264
28576
50737
57684
59337
46529
60077
55937
19685
65230
63333
62769
41346
24579
29961
5589
8109
33247
45096
54953
43192
56643
17476
47931
61652
44786
18144
52987
43235
29842
61268
13963
25649
46469
6111
19450
60229
33420
42618
14379
346
40415
11612
8923
64993
8805
14511
40333
9283
26838
62517
52474
17945
14458
34870
46829
59243
53013
1512
36943
50086
62780
18137
10199
10945
57015
62415
5639
24899
39497
52784
58011
14377
31627
34165
46601
40431
15907
21399
49713
42744
18380
3884
60689
69
38753
41982
26544
58997
43493
63486
10780
7969
48854
53745
18914
40333
50625
57319
65231
24586
44567
24938
6194
10658
59102
52795
18321
9473
41425
35265
19449
59804
39148
14602
27105
45132
23815
53648
5826
34539
18830
16605
42508
2148
37581
61421
42481
22670
20436
9408
14488
65002
34346
53448
42891
60679
7939
28443
37384
49363
63708
24064
10864
4552
38665
37968
49684
62479
26080
22741
64249
44909
6577
41221
14288
44157
4338
56768
1292
24773
641
48546
57006
2218
36458
34362
30128
44397
30036
34743
60991
60975
58806
6319
65527
31935
11518
16907
61645
37597
39647
60359
49737
13455
3276
64025
57611
7614
55257
26134
32386
23129
41911
56624
25346
12834
25450
22706
24462
22717
57448
19917
18157
50719
59003
18148
49885
4985
2286
13227
42582
9164
40817
59550
22618
11324
58039
47460
18937
14993
8059
18555
38121
49969
9643
30699
30034
2324
20636
21727
25040
12548
8876
10428
30498
2343
61342
47615
7327
63627
28073
17140
40022
36121
11155
62639
47444
36425
11796
33613
18649
52621
52167
24002
4286
29041
21932
1552
64131
42567
23278
56402
22346
32153
1295
52844
34495
62636
2155
9054
27960
62994
26193
2446
33579
4579
32317
15487
8236
44112
16331
26884
63964
2962
50885
2714
64769
7281
4265
63364
17079
27543
54231
39425
26927
22757
59500
61422
52624
61654
37707
15048
26344
31131
50261
59922
35710
17042
42640
11177
28385
58971
38060
26813
29164
56177
62293
28398
30689
1023
58993
47768
61332
14920
54424
55490
4908
48388
51376
57532
11738
56314
7044
38081
21910
57304
32467
57619
41577
42338
3260
37193
35773
8551
31237
64937
31959
27995
60566
62648
61784
21255
12112
24812
3407
1000
14766
8314
49387
33374
310
28356
24152
40121
901
46061
31889
599
5376
40698
42936
41402
12355
13174
17185
43592
45342
49143
6051
7604
13487
35066
28858
25598
59877
65031
26597
9107
7810
43215
42480
40886
6035
33864
15471
39702
14389
14592
40300
52532
22521
17701
61165
34875
30874
12814
12931
43447
61957
51748
51050
9908
21278
47139
2738
48386
46635
62101
57493
21676
7013
1669
62561
13047
35532
45264
52749
17153
27087
27513
4149
49607
12445
65313
18946
10550
45359
64644
53996
41780
18088
39510
18919
6598
53881
54423
54983
34980
50989
46940
56655
58001
15841
20912
38279
51372
33407
58259
2989
27725
53004
39904
11796
65448
6914
63509
10463
52272
29849
31690
61283
47936
5665
14666
54533
59545
36321
11213
61756
21774
25384
20107
47006
41224
8250
19749
59828
41657
45240
62816
36613
32708
4417
48409
65387
11330
13614
43081
30833
43462
9236
26580
58629
14900
8477
14859
41676
44797
26071
5128
33802
51454
25234
15272
59910
715
2253
54202
9603
47492
18714
46216
47431
23130
29089
14514
1691
9934
57595
32523
20627
1295
26334
13720
48961
34811
61345
57868
46839
21880
62995
15106
40566
55460
30377
34940
56174
65396
23606
242
14584
42319
46457
62014
32681
42777
10993
1603
52710
35819
1358
40568
37113
27691
54287
53305
29733
17329
45637
11037
39208
10328
58909
47005
252
23750
16409
56425
56378
7246
23898
5426
16797
4819
34672
49477
14827
12896
51079
34768
48714
52436
9800
53058
47359
31319
40827
11556
48647
53695
55359
55086
64022
48732
36556
31505
39714
20196
55161
30556
60209
13524
35981
11470
51109
37884
28178
401
50779
13721
2400
33957
33389
12200
54246
15212
43518
29537
59534
26629
50463
49358
48946
16181
32554
19966
47685
6732
7394
37311
4519
2067
18066
40500
46303
36406
12848
8945
4038
30859
55432
6438
64815
56052
18637
53526
5728
29386
50294
32494
23246
35222
16316
6656
51402
16101
59389
784
55600
1247
5326
60118
36080
23391
2314
16847
59796
47929
58558
31066
13252
48454
37503
12531
6203
56139
33288
11930
52756
50814
11655
10466
53267
27970
17121
39133
11303
10974
7148
1367
44987
12473
28716
15531
35863
31030
65144
62891
13423
58166
28421
26674
8317
33155
6436
14519
56525
6956
59215
43745
57769
5335
54210
45500
536
5795
51864
44605
49536
59012
45971
28987
5949
9152
44518
9044
7413
11358
39166
20835
36756
34818
14740
45072
35204
21175
26822
26193
60897
53268
4402
53130
25834
58611
326
26370
31637
19422
38206
15637
12898
18642
44624
51613
60560
56373
27888
2437
2195
34285
23271
38950
36334
5242
51253
6002
26416
45306
32194
21778
33039
36595
42139
26104
62437
9697
19705
28539
29118
57911
44175
9247
11017
56030
60859
38808
46867
55979
41244
16294
57495
31746
55243
28294
36987
8193
1527
30634
53498
33721
19643
53768
37547
29014
14337
34449
38710
34041
30219
2292
26416
8858
11538
4664
64888
39628
43471
13451
62838
51946
29744
54798
50923
19452
50323
55141
60411
51849
20240
15605
52801
7114
3838
24813
36127
50941
26493
9301
52213
56711
11592
13094
32800
55896
50524
64919
62756
61227
12835
60058
47637
42578
16552
257
29261
1339
55397
24136
20420
42868
39741
7685
49982
10810
32497
20573
28982
26221
62641
15659
17396
41464
28752
50196
31825
46508
49579
61812
42199
62413
56334
57067
6688
40118
57323
35948
41456
47185
27316
61875
24517
34288
36792
41730
12329
3753
62303
41310
29974
59408
56968
14601
35336
52952
32028
34392
33924
16072
30668
43354
45716
54234
34885
19635
28816
26673
22815
37503
41089
50130
1075
32837
51649
37866
9032
63977
8850
38566
39751
6055
65205
31183
53423
2237
18599
19915
3861
19754
3218
34528
63107
48934
55993
32457
35800
52040
26361
58614
56775
34681
43208
57849
1982
29321
62946
43780
27762
39027
49577
34744
12314
49246
392
201
51483
51757
20115
22575
5976
23333
57102
36314
39498
14792
36002
9762
1296
29594
2841
58070
64274
13280
17615
33488
42601
47792
11732
37594
21284
61309
6803
829
12251
39961
1029
30965
26182
21143
53539
64924
11707
12338
35703
51204
27129
38936
60966
61191
2995
31038
20958
1733
44317
5804
2452
54149
53596
46951
26208
42111
9956
242
42939
22206
40202
11199
20403
33615
32341
8406
33004
11280
53510
35938
62483
47870
9338
25145
43526
12332
56182
31715
46832
2196
37518
49283
56344
58345
30698
49783
34920
7885
50024
45090
30091
57457
56288
50493
25537
55861
26130
25772
1605
14105
61709
31319
61974
5511
23696
7196
50610
14342
6142
64673
49304
43660
48420
40113
36469
46350
24360
38621
21466
41616
50942
51556
33537
41695
3745
26305
64787
62642
52076
33623
11211
48249
64941
40416
20992
23101
14844
38833
4675
53752
37970
53978
31876
53621
61322
35577
1667
52914
41429
23133
61761
26835
41920
62529
35761
45665
23299
2244
10003
42606
35866
21213
58087
2504
28860
46310
58371
10935
19607
30277
64687
24808
51487
63794
45660
14505
1067
47327
1883
42495
37691
30875
36562
14075
27869
39554
26971
18399
41798
36973
61004
44895
25417
53555
14630
21509
1561
7466
32443
21167
4974
64361
13206
56460
62620
58866
5430
63686
7889
40079
7878
45579
5419
44439
26885
33287
18457
21088
18917
27486
58060
14385
6846
50709
35172
54242
6682
36732
61707
6356
25131
1146
37949
5568
24837
35033
64433
30266
415
6786
4810
8292
19596
10228
19962
46481
10746
5651
2033
29662
368
27324
11278
39980
45264
46449
28687
51945
50413
24858
25533
42775
58770
63481
48342
18072
210
14472
15569
624
21257
20378
41683
8085
63372
28876
54565
41349
1758
23829
38242
2126
18384
49520
42105
63648
63200
5256
17289
15309
62881
42821
58083
23347
7998
8122
8650
8207
22593
24219
41598
11081
11828
50512
19165
42432
46619
8194
51012
48377
64789
23719
50502
17638
40470
59838
15750
38134
32326
33038
20675
62438
43091
45989
20249
18320
54110
61666
59294
11167
20349
2588
22248
64943
53099
41412
41839
34182
16838
27316
49790
16091
18266
1988
960
58735
61826
16709
64100
61383
16979
19239
58285
27301
65228
45765
45620
21034
41895
39378
32201
62243
41965
21680
28883
62295
30323
5186
63709
47160
65268
47963
30483
17998
17183
31442
43964
13473
15383
42529
9320
65128
61767
2069
26893
28691
15065
6977
49725
56960
13587
49157
20899
22783
5301
49781
52310
2855
54967
50483
17247
21931
142
14961
7161
17324
13634
51124
63563
29016
28117
40114
28608
57116
9414
22732
53038
24479
62476
37227
15903
43294
53615
36801
541
26147
21047
20082
29002
43245
5029
46248
65175
37938
28440
6800
22493
42073
25156
20521
5554
53272
27866
1393
12084
37280
56892
65122
61758
53832
4045
12125
31590
24892
48925
64897
51038
37203
19444
47271
14912
57239
60750
14552
29641
23654
54118
19366
192
13738
7118
38512
34242
34983
7136
13557
6727
64027
13143
2949
52323
49955
47840
51144
42078
63997
17738
27580
35664
37181
9316
50576
28884
37297
32359
25757
60951
20941
12354
61142
1911
19471
1350
36152
21685
8485
49708
28412
6977
30083
64127
26531
47269
13664
44907
23811
12125
62644
18622
47788
34289
60704
60
30404
32466
32418
23392
27881
20591
35745
56254
55268
55215
57603
58651
44132
33319
42823
7008
7527
40137
38366
1290
54637
52029
46196
45679
64153
10536
31533
13638
12056
26701
13697
42459
26398
46115
33083
21510
33937
3292
12228
23669
25739
37062
16784
4335
37613
26838
44109
45139
34207
16939
46428
56075
36200
59855
36219
34817
4855
34983
48454
16910
61683
29383
26601
55313
42729
59683
11287
11130
62974
56282
2030
55944
60575
51580
60278
32652
12882
38851
45023
14320
23022
58682
4860
59221
53002
8310
61269
57856
43292
11420
41998
6671
40802
3063
61983
50762
29977
40502
29123
60182
64015
31152
50591
59054
17196
12565
58938
62844
51416
38425
44396
41669
31571
49255
2586
51804
24796
63854
11357
2552
9738
53354
41989
17771
23648
5669
2997
53624
46170
32119
48270
44649
30502
557
5399
14929
13122
31568
45005
31769
4457
23865
7902
3260
40351
10487
55063
65146
41572
33651
34929
51310
21469
11382
36312
12348
17050
6541
33203
30451
38659
15938
42331
36393
16494
14962
51321
62382
46529
30790
28615
50986
54654
36516
21477
62236
14234
43771
61846
55806
11887
31239
8812
587
9853
45123
12935
26902
18895
46137
24585
57554
29306
1380
61178
13032
16341
46963
9878
62870
44985
38493
15552
1335
42240
4260
63571
56474
48030
59881
13976
27148
58352
22787
27735
2669
35141
7901
29570
54036
54037
21386
13286
17808
55533
8928
63606
6338
23122
7948
36439
2571
46440
19222
3906
23145
23481
1941
46850
38743
29053
60825
33122
21869
18076
60856
24537
20448
35988
21339
41715
24490
42724
55000
9529
32721
31159
7599
6291
54281
15546
9961
56851
29218
29183
60756
52362
19895
29928
33676
25869
58981
61732
58991
15314
47039
21543
7083
1951
57531
28421
43666
16485
38376
362
58780
5562
31521
843
44619
20266
49155
54579
11581
12837
18226
39569
32430
5353
3961
33337
31221
30173
29533
24676
45487
11036
46219
52569
12987
5446
48221
23884
54697
21061
24245
47941
59389
22997
16015
38472
43262
65169
27516
54843
45238
12973
61643
12132
18325
68
45469
49546
30241
42233
41453
42959
53269
54903
62759
33487
60348
45444
24602
49509
33736
16078
31914
60357
39075
15160
33293
16801
14794
28040
38875
60031
8245
34982
6627
26569
2282
19327
43346
32522
61560
19264
42712
16525
41398
39935
17243
36211
52610
41844
52951
53577
57921
19330
48398
31460
34489
16156
15493
16514
11427
54367
43776
19671
23814
50403
13472
26095
36961
56817
25848
217
43312
3024
49508
19175
10190
1215
22617
30031
10290
10032
18072
2676
62128
935
1367
63849
49857
16859
14827
28515
38458
58603
48186
29503
10702
61657
55597
14894
20170
48676
47878
63482
18931
31850
49888
29120
33065
6969
59150
43354
17000
44453
13261
46360
45387
47395
44673
62475
31485
26731
25455
4407
19798
8105
33909
63266
36993
56737
12625
57162
39877
60502
22340
58807
59583
39459
55158
59879
46427
16004
37698
30659
60457
18190
11483
7540
49
23387
37247
31534
50117
62701
3172
37147
38037
37081
34877
42261
28282
14733
1119
35391
42466
23459
28662
36514
62917
51052
30857
11041
34287
35786
8931
29208
21208
53180
3980
54023
11031
41226
52788
28379
38391
55960
65525
43659
27505
2099
20384
23018
16831
21502
58408
26529
12192
54302
30274
42341
39818
61130
53381
8569
64148
29543
5009
19820
17187
8988
8307
60984
50213
28327
23827
55835
18751
23817
33958
46255
25915
21573
3737
9977
43074
62145
36505
55266
50911
1243
32071
57960
29605
52683
33760
28217
16690
38768
15268
1108
47755
56341
62091
65199
19132
20382
22730
37882
44198
23919
51368
37344
45491
22337
47321
23030
51713
18290
45527
4320
52300
44829
29511
16369
64743
63270
11817
15897
36503
27084
17004
51489
50656
13559
18385
4253
1172
41114
9366
45370
65033
27966
17178
12220
50302
31730
35249
3711
50020
48007
8030
4016
60067
37540
20384
59274
2506
32200
42402
39008
26515
59405
57729
11635
40195
10578
48654
41367
18923
25252
53968
51187
53217
38377
63407
5215
4572
352
8925
21823
48359
49721
25838
10122
54492
13453
3861
56997
45652
46262
63237
39398
7364
55430
51032
14790
33239
1383
56156
19393
26634
11820
5045
47082
50197
2916
19528
22000
36034
61219
43822
51624
12636
36891
61746
1592
50343
71
25820
30459
13564
23521
37088
20927
46182
55351
35717
46652
56733
59104
510
50598
38156
5554
64911
55584
41236
18903
12048
11734
14586
23101
63358
27221
59991
59568
61579
44798
26870
21864
42488
40433
12616
14040
28592
26030
3855
31540
7146
27820
57875
7655
12882
30495
45975
12258
20543
54442
31160
65357
33408
12978
22922
63997
7430
17377
25261
3474
62174
52130
58104
6358
59794
37951
20397
55617
63980
57019
54388
38358
19303
46728
13244
64951
44454
26451
11673
32229
15357
10065
32050
15996
55809
22204
14457
63238
39580
39717
33943
3451
59078
59278
9808
20569
64461
62972
10650
30137
21687
32270
2959
8221
46229
48970
7636
25147
9885
52076
24607
58008
62140
23889
8469
19645
46092
22925
50114
20136
29874
51289
56353
23416
12263
33393
11216
11188
30829
54633
8557
19747
21367
11515
27967
2060
60484
35602
59973
37600
22142
19045
30073
51513
10165
38541
38389
56256
61465
22968
43623
58570
41488
34441
49218
53750
2298
60433
32170
358
49530
40726
52871
38128
19472
15302
40187
14421
18135
1857
52020
7509
20901
16557
26253
63832
22329
64642
54552
51026
54841
32639
44060
30793
34311
27742
19007
3840
55407
18408
36964
39401
59133
24299
44761
13070
6832
19412
60257
24967
21268
13973
32475
9400
63297
58727
7696
20090
25065
29479
5580
14370
29350
16872
12394
63660
11845
64168
34732
1716
17040
6160
8349
10638
30459
53109
56474
4522
6985
51195
29488
61020
32399
29194
37651
30160
55153
12579
17482
14682
42057
23061
61819
38638
7164
8677
3995
19009
7309
38726
20724
24349
12117
29072
2218
9807
16645
58691
14329
56397
11582
43816
19113
43980
7475
23995
41372
29859
36573
58853
44540
45862
49145
40823
18964
56309
49500
55725
9782
56808
28915
63272
48388
41032
26809
50605
18070
10685
10992
32398
34313
55340
10679
53425
1017
50920
11885
42388
15243
15689
2937
27014
61550
52081
2302
47746
10086
19033
37935
52634
43072
34082
50371
25925
42345
11644
43761
60414
55095
54753
27277
23873
44557
5187
44529
45573
23338
56413
55192
5812
39334
58128
32825
35348
11906
2358
50325
21991
21390
55492
9090
31694
56805
59460
24850
33614
38335
3075
61259
60661
25059
55767
18998
36848
28185
63527
49652
51522
21636
39309
57333
60969
64668
57390
63549
11038
59747
15570
33029
48369
5526
9350
14527
29562
3274
6608
30407
8840
9682
26131
3965
1973
49129
55730
38820
11779
53721
22936
30532
42588
29476
55097
5254
28609
46951
3267
39646
8394
18836
39906
56762
57129
49255
38520
21155
52528
45127
18794
28599
22041
44924
32564
24013
61284
22758
30064
40294
43710
20231
5291
53529
49707
27619
58782
45547
41801
62048
19657
50194
48116
59563
41421
6941
43282
47172
28095
63042
26764
46888
58872
48804
59043
25900
40048
22024
15889
4576
62317
26830
24806
34839
14824
41744
29689
8070
21755
5954
37350
8644
56148
19930
2671
64800
26870
13184
46436
22196
43457
40431
36316
36794
56466
62590
29925
30978
19078
45814
35553
48627
7108
27591
17930
54698
36566
47619
62768
58321
20804
34582
1429
44183
21743
36866
43447
15844
17281
57115
38039
60738
64777
41586
31996
55708
38641
29152
21150
24950
9430
23935
8041
49305
18757
58738
5699
55322
8053
2931
15339
61623
4744
16767
40271
59253
20864
18182
9561
38145
42528
14832
33347
41770
23649
32574
64709
29521
28957
20323
54471
38387
44257
29743
54923
30245
55712
60621
20032
30996
30784
35370
27084
2759
19369
1819
62012
40232
52767
6037
45608
62527
53635
46186
5993
11749
45991
5166
41269
9413
25488
62971
15031
36977
59946
4418
1686
50122
32270
54484
48350
63053
57086
9898
33044
10919
44483
29520
18382
31714
2788
63990
28705
56423
44640
34697
35403
57863
39862
43903
1740
32582
8571
16770
4023
2981
53954
38475
20334
20688
27424
35915
50973
51741
45812
18481
62659
24759
15232
48272
23705
18019
46726
19641
41673
58598
21570
44307
50925
28663
22675
19896
61244
64012
36665
32498
34224
25083
38205
54557
13002
32860
57704
31206
19065
37980
16918
16188
29971
32149
64459
53675
50168
12882
40547
59072
38711
62116
37844
24100
25244
27750
11227
53719
26226
47891
20682
27681
40205
58886
49469
53206
58977
41637
51644
12506
14082
3026
61460
11284
35175
60383
32190
52574
40496
7201
46110
13671
3782
51185
5002
61792
46166
16228
49975
39623
31350
37888
1768
6019
64005
51237
26457
57446
27338
12565
4416
8651
48357
340
19934
50763
27955
52123
37801
35682
26556
51143
49353
30337
4024
21586
59360
50190
37814
11031
24277
36395
48919
58812
42414
14620
44513
36102
6531
39082
15898
43713
47733
64254
11285
2131
49482
39239
21486
54514
9385
48041
7353
25969
45609
11377
47555
39433
28798
52600
17695
53074
23459
1078
13582
33104
15698
58094
36437
54995
31641
52334
33172
46605
18285
44456
48735
34998
50926
4685
23976
60311
19957
64096
53511
30
9937
35530
6694
38734
55361
24389
59039
46052
58233
7086
13620
8395
32411
50057
30621
31283
4087
63793
12352
22371
9945
28319
24600
60871
235
48576
22878
20192
47136
10853
20221
24304
13615
26915
63037
3440
18535
23772
16723
11232
63624
30343
52394
30500
47631
17479
29014
18949
48503
41366
41320
25680
4149
33151
21015
4383
16191
11124
24574
30558
54743
12027
22093
35589
6173
52361
6261
24707
10598
22983
35938
8686
20557
55563
6417
2652
7507
35431
54368
23241
44028
62919
48920
48176
30534
37166
19790
46725
48289
11596
44514
4729
23622
33839
40317
29794
20664
13809
21732
31261
36792
24901
7179
57348
14929
46362
27232
55202
49024
16064
12907
27516
13447
61827
42923
43980
33457
62713
57936
48978
8773
4147
53706
65161
37985
61254
62186
25880
9528
18382
57141
13551
10514
31551
5363
25442
45144
65361
47875
28633
48656
60782
23380
29334
24305
768
40546
57761
30712
178
8435
6716
37091
62140
6341
9540
25091
2991
35420
34618
54139
59792
48168
64652
58574
20762
57326
5414
53355
39665
1278
36475
2143
24658
274
26447
58192
8051
51440
56135
8228
59874
62850
45319
23711
3655
22090
48801
39412
57509
50650
28015
18997
514
59898
44802
54042
51688
50216
41861
58585
51493
12801
60727
43382
45841
54406
3270
53891
7542
59404
29350
34647
56718
9133
58357
27604
31223
8854
1480
55963
26735
62261
42192
27248
56624
21458
48522
42776
38905
24847
3057
24863
4879
63784
35476
50719
19886
38746
6306
27427
32614
35656
62073
56564
44788
22127
51399
43242
30980
20111
902
24947
16836
43093
19426
40691
64550
2412
17932
5152
27259
20988
30014
32137
52003
32721
50088
6353
5931
56393
33779
5777
59280
63084
29572
5765
19675
15435
16238
50654
35545
17139
42832
19613
60231
62258
60303
26478
64669
45466
31629
59159
33686
28874
58528
20153
61594
43080
59273
34757
1169
60283
7765
27681
57831
37336
33445
11970
20002
49682
29856
55547
1286
7152
42391
28748
3874
37158
55225
35775
17089
21318
29398
50774
17423
22390
38158
46249
32701
64662
15470
33870
59410
56001
61550
18937
27801
62226
30907
15034
46372
27994
37812
14889
35145
14667
43637
6251
51825
558
9257
36145
54643
5886
54150
6530
61043
59539
52778
28208
58666
35479
29309
52540
25944
58090
5941
20976
54780
4079
36010
2849
32072
8286
50504
34449
55720
28605
7931
42009
61930
17187
45385
51037
23072
33999
24798
18579
28002
12041
46787
53899
14751
43327
8135
7927
35882
46843
28902
57893
50921
32143
60741
50225
7661
45710
19138
63380
41546
27068
7085
5172
44254
52469
56208
34557
53699
15471
53136
16165
60278
1619
37296
9493
12177
45430
17419
48058
26737
13553
40416
44890
12927
2853
29579
20587
15794
48716
18431
24572
43015
58282
29743
54500
45215
53183
23521
33378
3118
43888
16775
30627
12738
54070
7351
24915
1196
24770
40204
27933
5554
15084
7287
18480
50704
36865
6299
962
52812
57496
58300
63058
50243
22508
52022
62689
10155
42774
30532
46039
53894
14538
11130
1096
35839
18480
58777
37034
10481
33446
32198
48801
15761
39484
34513
33696
43580
40811
34658
63623
3
27422
61145
50245
17161
14863
47399
60082
57637
45162
40585
13227
26931
18946
14322
62769
4658
40331
34267
47905
41008
930
31171
56768
7645
148
24929
51225
8190
26818
16544
8192
21471
12154
25669
5864
27016
7532
410
51884
19925
8227
65110
46855
27172
46664
11320
31829
21459
45586
14199
29698
13747
12601
20930
54159
45515
13090
7080
53704
7139
23623
29127
61377
3008
54795
1705
30024
29558
2114
49139
49482
10340
15946
63568
4744
62609
9352
3804
51299
22170
50769
15461
35916
63369
3622
57306
43348
49479
64385
64283
56617
22473
27875
52458
58247
17134
21394
55502
46692
56275
39106
63405
1079
55051
61438
38589
19356
5254
42393
5119
27423
27626
53346
30571
58227
56967
22341
36039
40910
53958
34787
64759
43662
62661
18913
36373
47026
40307
26340
28182
31046
32677
26052
64891
54959
54721
37945
8779
59974
47569
46664
54629
9659
34474
19664
2350
25905
9236
5621
34047
30425
7639
33270
8551
37531
52182
44924
19021
26953
38495
14435
25230
5636
40486
24586
60594
29671
29762
36604
56876
44562
17732
45969
54220
19437
32864
23802
45341
9332
62189
13852
39756
4292
14353
48307
41822
1000
60462
28074
60719
33421
42508
53181
6288
17458
44998
34113
14360
9224
37948
38468
53785
55679
18901
9701
9580
18997
734
22152
28328
62922
3236
2548
34445
50355
18086
10731
51354
13012
38805
13770
13664
15777
1415
52718
467
46412
54062
47593
22867
26474
20525
43883
49384
6658
53583
26195
58421
21549
48347
21213
51702
18814
56527
20612
3633
41845
64109
22219
22088
37378
35988
35752
20387
4634
55701
53620
51045
44228
2909
41143
5166
56201
19490
54550
62858
40304
15209
55743
61852
30787
44187
48019
16832
2410
3095
20465
44254
34435
9915
807
6278
13134
3790
59431
17767
59490
14747
36043
38182
17655
11650
10580
8320
63906
32361
38409
38674
47569
61383
2223
45588
40034
50241
62419
42444
20567
50115
53929
55001
60029
54735
28510
7627
58524
55172
58160
19711
4383
28667
57892
54805
7548
35703
63124
5918
2528
35998
44592
17329
31845
46814
62916
39111
64286
27031
48786
52084
11611
37179
41549
38871
59146
37291
13730
19366
26927
6354
39076
64077
35021
64200
53346
42568
34367
18166
15718
36895
21395
60309
21455
20472
8819
18835
59582
7569
45865
10064
59652
24707
14474
2897
30810
8084
7419
44539
60217
1578
50892
33757
119
53144
65188
20696
62944
1252
38861
13126
5378
60256
40666
26832
15192
49484
45666
42005
24284
58762
52068
18400
50701
1006
54063
15975
41857
28714
27745
36538
30291
45868
37526
30409
709
37179
51104
30884
5662
57196
44009
11039
51916
19139
37870
34339
35854
50767
10808
60137
11225
62875
45768
29157
31113
1527
12363
7434
30240
40107
43971
60530
53207
15961
58170
53915
20371
10970
19263
26032
2631
30503
4302
21778
16873
9403
56117
52726
27401
34156
14559
38626
64263
60326
2247
29840
61852
47377
37273
59324
21948
48475
54318
42386
31667
46953
30765
19270
25154
17259
12533
27784
47761
16835
16794
64633
26237
40142
19055
53638
8762
33613
59495
7489
61170
28973
37328
24719
10814
41832
18507
65529
57538
7289
42379
23670
21473
40376
10171
46627
57634
22703
41642
7092
6769
58435
38956
238
33041
58011
21107
9035
58855
15066
16523
54490
11270
21083
46440
22084
30146
64946
54844
22149
39466
31687
13050
60939
39294
23220
9262
31393
13154
18135
38484
19923
11035
44671
20160
11307
4378
41266
20341
63233
23563
4096
19419
34832
25178
323
24147
22555
65268
13455
44703
6430
45142
24984
1833
18900
48203
43861
17524
28589
61996
23239
48511
40262
2375
35902
18800
6752
44399
39141
37216
2426
10468
23866
37257
2877
24188
28636
25431
56687
42090
4599
63117
54463
29582
32181
40595
45017
10507
58118
40837
39734
48589
23812
14460
18195
26945
33259
57713
5808
39631
29394
41000
50098
53259
45488
20206
44679
8588
45637
35830
50678
50235
643
39605
47048
56
47431
59296
43329
40014
34597
17527
55834
25640
64753
8493
52584
65243
670
25623
39339
62830
33854
56668
50554
13807
11339
62464
22394
24207
32758
40303
8906
633
14373
23185
688
61803
16946
11248
3513
18774
28774
59346
44414
60758
35070
64229
60465
35740
57084
1500
266
25402
25400
50819
39208
3970
47747
61602
28176
47737
36369
4313
15601
17973
27497
49055
47008
11674
60302
17752
30448
56307
44330
42093
51529
46631
40786
13690
16835
32334
15190
49868
57736
40589
35151
31408
44558
50130
60241
39965
65098
63842
44277
47930
49046
6238
31449
63285
17912
26215
15502
15591
16986
27063
57683
35746
8158
165
49435
57760
32499
64624
42092
57466
6909
44474
23338
18698
61835
50811
58662
28629
16349
37403
11023
65394
10873
42471
30376
61551
35917
13109
44373
20134
40171
36520
55879
15560
36684
7011
7784
36414
38866
17107
28344
45775
28813
18914
31704
25112
4189
57598
53741
20537
62232
64763
53162
40336
41699
18002
36351
44847
31110
15188
64981
38512
18939
22556
54072
22855
29566
29087
59268
2897
46194
54844
15903
9471
8222
47606
34582
45177
6900
55554
178
3597
54782
20571
43932
63712
38573
47515
10255
36914
29934
9700
9891
48873
32256
63962
38959
61821
27513
32691
31949
40938
54766
47851
17640
62987
62689
52222
42628
4053
9472
10037
40416
31485
63375
18813
62428
36412
33559
7148
40557
63492
16847
50447
14061
16334
16105
53019
12620
10850
52942
44568
51787
42172
59651
36659
6856
56804
23345
16715
60856
48
26752
35737
31533
24591
21781
28425
28234
55339
2804
3255
20527
19651
20934
34588
35984
4270
22071
15835
15119
42244
27635
34138
18881
21750
5261
25736
45785
61372
9682
41105
61419
36433
44073
60183
28255
33085
55840
23720
22888
58643
59742
10647
45525
15140
45234
48741
52176
34536
64575
1760
11245
59441
3129
62892
48422
8389
55859
28671
36992
5
37008
107
3670
15545
27522
64691
48630
17826
22876
38749
10933
17082
49395
23690
64988
61860
6895
51628
63628
38701
20619
9337
65374
23747
39460
48260
64902
29783
44163
3590
62554
15635
3697
688
63946
31218
65379
47040
16275
55486
53021
59974
7032
4112
18128
39251
437
25022
58110
31296
30955
45961
40632
30793
36939
47323
13517
3538
44337
24911
7127
41355
40545
43590
42043
38956
42039
9118
53227
58313
64603
7944
19984
38866
12056
38111
12581
45259
30365
37922
11019
61319
18347
18882
59343
22518
669
40091
26055
12237
65002
33181
53591
40011
11236
62865
46198
20506
6447
1122
13284
5514
9065
33267
11611
53887
38609
56958
33610
36205
29345
11860
64755
14923
63508
58562
37440
31408
33118
63494
43644
32584
63907
31700
39826
42374
29029
53256
62879
35476
54377
43394
8221
30673
43892
19832
19025
16966
11254
19866
20402
7830
64493
19622
55520
62465
12648
27424
28338
12997
58150
6446
45580
56521
38145
52638
591
34406
40358
63469
37113
61966
41328
12565
27103
19684
32396
13359
3881
10882
457
24283
51478
64949
43904
41462
29110
23783
36118
57447
36780
28732
31125
49591
52484
3734
36693
53074
5371
44282
18239
42483
40712
26798
55048
35047
46482
54675
48405
17594
32788
16093
9108
18731
48273
53011
27424
11848
44026
63541
36526
15270
59504
2115
32092
13684
38616
3250
1222
43986
47531
52228
53701
55475
13490
10445
24986
27203
65119
40622
12029
65139
56715
21136
51101
6684
8612
12989
51298
19869
10995
22289
2370
37730
57170
34461
51414
30250
4942
19867
41468
19705
6559
62400
9644
52816
7309
34629
14483
6892
42482
59278
39262
893
14879
24827
7577
56257
37816
58874
10590
16042
48394
12959
53771
40029
47419
6881
37510
19593
26748
13442
39297
33306
10306
48940
53353
50381
50800
35068
24505
60513
28810
63766
61406
43688
23058
3447
34409
28105
29552
44998
11378
12411
25188
65148
19671
39839
6494
57180
59431
473
37854
33192
33778
15391
49363
21596
237
34627
56663
24741
29604
52704
55738
58241
30857
13260
28919
65265
8596
58471
11960
19973
38113
4379
19586
25015
44217
58846
16659
38112
59318
21744
38535
60327
37135
22362
49154
4603
24220
7513
62110
21056
60217
52312
13761
58305
32804
42680
25266
41399
2847
37225
61372
40959
41604
48189
438
53052
8731
49863
25629
2513
38839
64163
30071
43205
53757
46457
47807
12441
53969
44381
33496
15882
63924
47257
8651
31192
24401
33917
7056
60014
38373
2892
35437
47208
51080
3106
34725
59810
20200
27585
29554
59038
58979
26856
36707
47200
7777
18978
59641
28978
30590
27601
44859
28979
42089
20742
27402
33721
54658
34457
28199
60262
4580
30867
9167
22891
33972
11123
17165
54172
38707
13950
14906
64917
8038
51613
46582
15814
37822
7919
12023
35644
35519
56882
31854
44840
44855
59255
45792
1209
28177
8456
61470
32756
39322
5101
55647
40526
48990
40043
61929
22161
21225
11299
21543
62029
30143
35356
12307
2430
43274
57097
38073
46024
48443
4391
25328
60529
63645
5585
61737
59053
46807
57671
59041
53360
30004
16384
28350
13458
56426
57510
2851
44882
36041
57160
41375
648
26980
20914
35844
4718
12475
8381
50741
28149
45538
43301
23142
10880
48885
19343
37164
62923
44245
30669
50747
41480
47052
46329
22170
5175
38303
25020
17288
41575
16644
58663
42223
10855
46808
12531
15572
59282
53679
777
54662
913
44077
45035
44559
60193
64377
16188
57580
10318
14088
10024
51798
28372
56352
41199
778
61886
683
18065
5158
50093
43959
47380
60947
25231
27142
10983
51744
48052
44526
40870
16197
55835
20369
60755
17724
51977
44174
42536
29527
25494
52559
15789
53865
10607
56987
54642
39724
24901
39938
44881
42225
18362
59492
37636
43592
53866
15850
29801
36382
27607
37902
19810
50673
25503
47797
2862
11944
26435
12629
41470
19160
65187
24490
7489
43025
48708
29362
49980
40840
3765
29326
17529
54893
23282
22396
32949
11612
5477
29981
15226
33084
35115
35035
18221
60617
50063
53849
39792
10963
942
48494
62889
33360
40215
37610
43616
56155
1436
28061
31459
37967
24618
16220
27324
47899
38615
27505
26743
44092
24717
9200
44407
27063
11466
29859
22144
61529
18173
29168
39723
51881
44893
37076
19706
19572
9150
30553
10191
43353
58613
41650
48551
17695
57869
43107
32826
63715
37843
26800
9503
29791
35999
53909
56854
14696
18233
46229
43456
3637
9861
17643
55517
54753
21951
42454
41557
63867
7472
51747
8916
33316
60628
57467
51011
20193
2270
51068
18373
40112
12332
27875
37134
15562
49016
28452
63024
1713
9146
40945
38116
19006
58587
28097
40991
47769
37783
17012
46101
12486
35990
22248
45801
31083
46946
64043
18507
49215
49575
36879
56558
29138
31986
28157
11931
48233
56608
9420
17177
32985
50364
55292
19223
10647
50620
60213
25648
22867
44456
6213
35352
14910
28460
15618
13224
9871
14125
31731
26317
30932
35841
50107
60069
35058
12728
6465
17755
36567
15884
2163
4017
33479
57454
23239
44125
42539
50683
4237
65405
62370
43216
2454
44511
38908
18071
24967
16010
64962
56697
9558
30358
59769
59664
57659
62059
6856
64123
47045
10655
47238
49208
47438
15181
41126
37908
26537
50896
23055
63541
50766
52656
8453
20451
31631
14592
38521
56597
63368
5179
14990
7391
2769
41991
1519
60427
38514
41142
26246
52790
19028
7948
36462
930
55895
44820
38837
49663
30180
29123
14900
48177
16243
56120
3092
15105
5176
8844
38934
3009
14023
53923
43166
49558
30378
44684
44449
36123
53057
5159
23378
6549
45873
27071
40245
3464
6355
13546
53126
36535
9900
35258
19176
58909
25842
55035
8479
63784
63878
47412
1257
45132
3031
11654
29154
33409
23570
40834
36763
11091
13224
60140
50407
59096
21676
25116
29791
60797
5894
50149
31796
15793
19871
18204
9167
45712
40470
50412
43960
38812
32288
12449
51176
2550
24102
47561
35958
47671
22860
39953
25994
36083
1789
10865
62411
56231
3212
26666
51493
9105
11279
50520
57665
31149
3188
34063
44092
10889
18939
55284
49701
18458
34964
2573
21007
26297
50133
24197
41200
7457
64149
1658
10772
402
45289
7647
23865
15732
34312
9822
57604
45591
60341
49733
11204
30761
18260
22528
41649
4430
12276
58581
55654
14471
28385
11125
40767
12983
35321
16431
53206
1166
50855
63977
34335
63375
6088
58199
13572
40400
35252
5640
53222
30057
22604
31657
28049
8095
54184
36930
45291
33691
62742
35409
48161
25592
46533
23393
5806
49086
7055
59011
17483
57910
24685
51817
55749
30772
11712
36552
38403
46963
9423
26089
44252
32026
24978
39532
7352
13626
10926
52642
47317
40900
22515
62709
956
36280
20566
39528
19830
27621
33003
37312
52762
24919
56361
10207
55691
2537
46759
61325
16732
56181
54646
60983
55439
14088
34979
62790
60480
13137
49897
9493
54036
39643
6667
22223
10387
59999
61750
62983
22084
61984
34760
42077
21368
58352
52284
44290
60888
33507
40079
12084
56919
61956
40298
46822
10508
9742
44077
5453
55645
61205
14945
11377
2544
54378
33599
12931
48842
62580
43145
38157
59028
45136
14699
14860
37952
1447
59149
33305
2185
925
12620
59103
62880
52918
40390
40620
29891
51698
13304
52767
14599
61015
64143
17142
49858
32206
62839
33164
29250
40449
38552
55509
20049
53250
37601
58001
21928
63981
58537
24112
64905
5621
50447
29482
25770
25301
4566
22892
44230
50636
10123
58828
46115
8730
10434
30437
8167
40505
30832
4648
15418
3849
27389
35466
24330
64989
60698
46258
63434
53699
37601
62804
26552
22512
59517
19553
47812
31314
42445
59273
16414
19799
52565
62528
61296
30231
60197
3927
5200
58260
41342
53384
62108
3195
23314
53670
35415
18477
34392
33313
39407
6457
63348
423
61736
57329
19976
11244
23107
29652
4982
6752
49450
24778
3745
45210
55008
63941
16369
27439
23897
24942
15287
20470
60903
5833
41371
30782
57076
10227
31326
30947
49450
29139
64137
45650
53699
51344
24126
44038
15460
29107
50789
32141
53884
54533
11816
10589
20170
60951
38027
44067
53124
20546
31768
48491
26378
7603
46504
17918
50596
12294
16096
1742
8664
14697
14624
62363
505
38749
8097
48731
2320
58885
15337
23435
15115
59919
1255
2516
22566
39282
13814
10154
27059
45581
58644
53436
20415
6844
38585
38242
51904
54680
39984
60568
3842
21839
24627
37113
60587
32723
20309
30138
26072
2877
20804
8418
62795
22059
10934
19825
28572
24747
29978
55630
37560
55853
10762
25206
29928
49346
63448
16296
38490
5128
11328
9563
26966
35954
46676
54784
35908
1449
52153
61980
37092
40188
4862
34351
62246
48562
21407
25282
7774
18616
48143
12565
41700
58904
37770
6092
42714
35682
22387
48436
8041
947
57998
2238
36900
6370
24253
7273
40585
10870
36484
12141
18290
8577
46491
15000
57139
35129
7514
32144
53744
22888
44708
29908
16257
16942
35999
26202
19856
58386
41869
60663
59332
34332
62901
63463
40701
21618
37967
15751
65255
41682
60658
18009
17491
41614
240
41861
11207
40520
8469
32183
63408
20408
62090
14129
4581
32554
7562
24436
58171
49431
52331
19199
50994
49696
17126
58926
38545
22325
41908
5496
31238
37031
56271
48728
13109
56511
25053
57082
64262
753
23729
62134
21160
20284
43494
58508
20069
51056
50175
12704
2183
36970
64669
53176
53897
49026
46566
26907
5815
22939
65169
37053
59969
55905
20245
40309
14112
12530
64622
12838
13282
55583
9437
1674
43098
52930
60181
63166
5682
44820
43101
7864
16255
9466
28271
4616
58491
42069
64289
64306
65007
31155
3055
26672
21524
56066
34212
2867
3060
530
48471
49109
56112
25139
18014
33674
45301
12659
64071
50982
24710
8868
26078
8196
18333
54348
45579
11289
30881
11564
42826
63119
42718
45880
57022
64241
3642
25698
34339
6702
26228
17275
23042
49571
42413
41055
17710
22178
20945
49012
40392
45654
25112
934
21082
43444
22513
1125
21964
20626
12688
32021
18209
22638
12365
9696
54110
48774
2625
22914
22707
61619
40188
45748
45655
49832
54034
30596
39242
9443
46839
14098
22328
6415
15031
43409
17091
4775
11765
39054
25400
57220
5540
10841
14322
50671
20536
2896
33909
55927
25809
23847
52011
33228
4059
64897
50292
58092
29957
23998
34766
44027
5327
57094
50442
53124
2199
1997
57898
13964
8282
17763
5648
46588
61370
52736
31724
16370
22863
32864
39528
15904
56711
58770
16363
28001
58131
1119
53325
55319
57883
22555
33811
63209
14113
18717
50797
16312
53480
43160
63042
61761
28154
35921
10046
23988
23121
41769
7589
45983
41864
47116
61886
271
7583
12714
61039
178
46599
48828
22729
38947
5847
56539
36620
52727
42487
21882
3503
30431
32273
33776
59423
27658
4161
3933
51645
27281
12933
59233
40495
22029
8045
4078
55066
48394
49558
50569
48572
30621
1093
38532
36799
6940
29535
40651
59666
39253
29764
30400
36915
62036
64175
63569
24158
2800
1967
43034
62847
47666
3963
5038
36926
12007
41882
26457
27633
25904
44257
43436
23757
45350
16432
60555
19521
13198
35670
46418
52450
65433
11282
23829
29165
42688
21862
53322
12719
56595
30820
42797
5958
34782
47834
42883
14021
56948
36571
41653
17316
15293
19553
41072
27874
3216
3324
47394
16413
38993
28276
3327
6123
6789
59922
35287
16708
49015
55841
29426
7307
21125
39454
13264
23139
54519
56146
4391
45931
59949
13275
63247
9706
32827
6015
4811
3274
9338
52204
19686
15563
47711
55779
21685
21731
17397
24203
38438
876
14508
35095
40949
2865
9013
54212
26003
63531
12055
30393
11159
6468
43667
8870
48940
43725
47651
53750
14230
56989
7650
33915
39783
55360
56925
28699
44322
8786
52901
49991
42428
1874
52317
17842
37505
28561
39285
63507
59323
51339
61131
4946
25038
6494
46582
8442
17450
28698
62191
31679
52918
37072
32825
27165
59663
24214
23095
38449
32999
10460
55671
42658
45100
42452
60499
17069
5477
34249
47807
32032
52819
10634
36977
12322
17127
18024
53530
34576
13953
17418
33486
1335
54489
775
61266
48617
24988
18825
54297
25218
62051
44433
2341
8848
21349
30071
25916
59593
31551
40955
26089
18835
51588
30297
63923
3180
48320
51917
4987
62272
3799
5705
30838
58288
6479
26568
8601
31467
12624
62897
23916
9140
41794
26256
17987
30375
23559
11134
57199
55109
52088
50519
41175
5373
15280
39562
41319
30832
58711
13537
60335
62509
19241
25638
22493
25720
19437
31093
24418
32061
61222
48333
8432
4712
41821
26418
2318
65379
4783
59516
22184
24103
11731
63359
29475
27011
37385
38025
25074
30560
51561
19873
60301
5267
45510
50025
30986
64947
48350
55403
64239
44036
5432
7135
48747
14484
33552
18297
47094
5566
12277
3743
29668
24008
34333
26374
18250
38949
64398
43323
36741
17656
63195
31506
22922
10402
48762
53907
42580
31576
11006
41283
42843
49204
48417
26055
63688
49200
44351
12478
54765
23859
48987
51665
15098
17784
45270
579
56733
11365
11133
60705
29020
41560
26675
51941
51961
42668
7544
29005
8709
18549
4752
51551
34984
20400
44837
368
4064
56419
12846
58828
47510
61832
12189
29839
46848
57459
30418
5277
3288
41550
446
65074
17574
59887
51479
36766
37019
59022
33002
45727
44802
4985
64510
47017
25384
11043
47385
29447
1927
27462
55507
16668
56525
34927
46506
37837
26850
11388
43113
62904
20170
43558
62442
4975
37909
15617
8973
9393
41870
41974
22351
21136
46959
54092
2618
39574
65135
17234
36253
34293
44695
26224
50960
35684
28382
31930
40753
22464
10550
18330
19832
30719
61888
49506
2925
1493
32354
11897
10885
8689
53871
468
62591
2526
54559
32440
9331
21390
49673
45583
55682
61599
39038
41106
31748
1885
7501
6965
24348
18050
58061
11411
16000
54413
28148
51691
23138
60502
63588
1254
36422
19155
1721
33477
54447
23512
382
63777
44901
17286
43825
35048
13350
17327
10618
45097
51978
50885
19293
10790
36166
11818
22201
19397
33463
17580
5553
56600
12546
36372
25085
48967
22758
26806
49676
44436
17549
17289
42677
29681
34574
53733
64728
47923
38292
42578
60251
24734
60694
46775
2756
31325
58593
57723
17953
59287
9767
23505
17583
55080
27108
42667
5743
49865
36704
55418
28765
54252
7171
38674
51165
41745
59638
50357
56899
65161
60166
51615
24360
55325
32854
59882
53881
58678
52069
6298
19661
61835
62570
37243
51379
24142
47142
57122
41239
51077
14236
37235
7026
21407
43140
58190
30383
37243
43011
21746
36868
4874
40592
28459
60198
40678
22805
48543
33820
9338
22072
20713
38405
19106
57955
24248
43248
6793
48601
51718
57870
62837
23417
64895
51475
1022
57549
16322
38264
2256
5299
42363
7129
45891
5287
34558
53800
28091
50332
22084
4661
6869
42796
43065
25974
2448
34544
36453
42007
17610
22635
34341
47678
46052
932
33617
14305
25712
17170
19800
27968
22468
62162
2328
35590
1913
36886
23854
62771
21682
13170
34663
61317
23197
12192
54523
25644
13967
25440
2116
64343
15307
3688
46485
28590
4620
47333
42894
30331
64502
62693
25530
54202
26551
27858
57023
61231
31975
48109
58466
20888
61278
27593
16670
18939
7016
5657
11815
53749
63863
46697
52557
13634
50384
738
42223
22235
48071
52348
19798
14269
16737
12559
35702
43288
40416
27190
38983
39622
9763
31913
27742
38272
26737
44411
24442
984
17299
36256
54732
48393
50184
41753
29259
2265
9723
5946
24499
57793
25526
11528
39293
42262
24087
9460
20014
31734
3881
58996
5821
46410
58140
33562
51913
52108
45204
10819
53091
29734
47075
9520
45358
64490
51272
9081
1219
60994
47794
58485
20483
7784
4477
27008
50045
61330
3699
37291
27529
40346
30751
581
21220
56123
1374
7597
9927
13809
51182
63018
43542
65488
7002
23364
64443
25505
65212
126
53731
47470
58610
41445
55253
30319
35684
6994
26113
39382
44284
53641
14192
42267
21453
2643
86
22826
43006
10012
36634
28653
7494
47407
28605
47262
5236
27512
39999
37679
60405
28194
19613
20711
36870
42097
51029
7019
49090
11607
46400
60606
32479
27824
37337
53932
63233
37422
11222
40704
47433
15088
36588
22159
62494
65192
36652
34961
59936
11115
7104
22037
6540
26716
42747
43410
36044
28241
17660
19599
7079
31291
14669
39557
59114
19237
60720
24044
23890
39174
64747
38554
54261
35799
60712
51219
2687
64596
20645
29854
10175
27748
51890
49482
21696
29102
60123
57739
24574
12247
44569
31652
43537
26469
38440
4348
45705
857
28391
4059
40030
60369
42613
28755
63399
5021
47205
33317
36848
35081
63171
47023
62829
49525
63736
51756
45858
58323
11191
37663
5034
22992
36546
15802
49460
9451
52916
62397
10307
48538
33687
17568
43371
43531
13554
41234
15784
60758
9016
52631
30304
39418
34118
60364
56174
65085
13816
3729
57872
57773
41391
30137
15229
12402
13171
64689
54619
551
28782
32157
49089
62468
49724
59691
40464
63277
35390
56247
25731
11637
43342
23266
18286
44692
18094
8924
44241
64676
12652
36578
56914
21275
33946
6607
33676
47116
38527
22759
47667
1773
54915
63987
64241
6335
58142
6401
36843
60763
62647
29805
6864
7685
53071
57916
52376
5629
1305
63849
37537
46723
2123
28915
2462
36068
35521
36137
17649
8513
26127
32547
43052
48273
63765
8989
21839
56371
15389
58681
51599
12500
22951
25694
52952
10486
18075
7024
48881
52146
5337
20882
33333
7459
17028
3027
10759
52549
6395
61174
28293
65289
28185
38576
48026
26414
47565
37097
50016
62953
30242
3311
42685
20424
29005
30101
63676
14311
37124
14254
33688
42461
2367
1485
17151
19395
37278
27909
39175
43673
23547
1932
43426
18963
40507
58683
12608
22536
30244
62624
52721
27718
399
29870
48141
62170
59970
13514
10945
64325
27767
44632
8482
30133
13349
25633
16759
17858
53541
55933
61530
44320
25096
6652
63282
68
65335
10355
55370
62810
40210
42555
24992
40608
39656
40365
37243
34090
53878
15419
112
48876
27283
8593
46240
7863
34225
62999
25720
54998
53396
54482
33782
12957
61133
64295
45791
28164
9114
2857
25439
49323
45412
17662
57163
19532
58026
61637
20854
13600
11520
20965
62475
6034
62324
10412
13896
63781
7875
6848
53243
28502
61329
54256
8690
56926
53015
54480
52322
62129
24569
44992
13148
4445
62653
4775
56743
22376
876
44828
3207
45163
33024
32914
51196
29813
43325
32324
28058
18431
39171
48532
46932
34964
37252
22854
59121
24731
11798
13139
54091
36366
58130
34471
8042
22480
39245
32017
12087
7353
44076
15293
52515
11565
15438
5407
41377
58762
37730
36666
11657
11365
19662
25821
13560
24145
48674
39913
16107
27703
53051
4663
31301
12878
39133
6574
35357
45609
38590
14675
52961
17131
29967
7172
61462
45405
12579
4535
5863
50308
41200
50287
28905
28093
10572
9696
52237
59245
49608
2808
54179
4356
40237
19944
17233
46601
26518
19821
59442
32339
34495
46867
16701
64461
21271
12627
11562
33849
17161
50192
51388
25592
34943
14757
53684
45514
24453
7617
6455
41292
10425
60633
45647
17893
47809
62879
64494
8791
17164
58400
8361
51658
6963
25062
17816
28233
4920
62144
29313
22081
46800
15166
14904
16207
29922
3053
28952
21606
10669
35406
30130
53860
30504
10241
6218
45544
40352
37943
54334
24747
30807
29926
10870
5001
54987
61452
33234
27139
58060
62546
49219
6557
12176
31354
22763
9330
34406
51715
63702
12307
54352
28296
33398
52087
5769
39615
32095
46120
12022
53660
5331
10060
18051
48967
15061
40269
12115
15526
1872
37407
45303
51090
43963
24711
49676
33957
1272
51313
52903
64973
63619
41720
60501
31482
61038
33501
38328
27598
14085
17582
15722
52182
60408
33772
2846
42700
41273
14960
58225
43144
52366
37993
61466
63560
62703
45606
64749
31206
31383
52116
30643
62234
61067
58375
60947
56570
26340
33739
51399
7656
18552
1585
27070
13425
2589
29915
56124
43861
12106
16046
21469
31704
21270
17399
62495
51204
30236
61708
16874
61619
48289
47516
58317
11052
7588
53728
2086
33927
54698
53484
8815
7715
22301
35884
53906
57656
33030
11726
3213
45135
27771
57448
44070
49040
42079
41030
34708
6779
37202
51581
2862
52722
794
61178
63774
8381
49370
33091
9539
38533
53807
18353
13479
43339
21468
1849
35459
54497
46341
5903
1329
8577
63350
12630
24848
39893
53659
59556
46672
58093
12833
49533
12511
13626
12408
43516
54773
29009
43839
64312
34773
32110
49896
48251
9913
38596
17331
12603
27557
63672
18505
61652
39480
49086
8747
64327
23444
29637
58347
4580
54961
38412
21344
1937
19269
33751
45452
8507
29992
23755
40050
64764
23096
57177
47480
240
30237
32042
45609
25026
62945
31345
53909
36889
14896
62655
35681
38339
59524
61259
10150
48949
1367
64260
50885
20636
65243
63569
29142
29699
54555
36423
28927
12116
28064
43638
45122
25533
42912
25196
50558
40321
56540
38931
44442
5900
3283
47354
11470
62806
10309
54386
46219
11676
53111
64336
32311
52818
62369
28684
16981
51388
65106
13139
30735
60401
56777
10322
20398
34153
2749
5420
41705
59288
11583
20611
32420
14865
2429
11121
12135
12738
65507
25585
24413
20314
24385
23955
7596
21218
52638
57343
39838
19440
4946
37804
14305
28954
15357
34703
30338
18105
7354
6508
11858
18936
27118
11509
33800
29547
22629
13166
9516
55367
38751
33928
10145
30367
25114
50507
18817
12216
9546
25886
31655
47259
63689
13191
10677
13511
47893
41015
31615
22479
14754
10704
41414
41871
22212
42446
38649
12073
22843
48164
1904
28825
49323
44816
59192
8901
29787
12473
53883
39333
38358
52769
21056
3743
425
64499
17253
15549
7210
16100
38027
21963
26803
46673
31066
16247
56350
4179
28319
13657
19575
62989
9714
36129
42269
3370
45030
39288
48609
33377
45852
54198
53378
1372
57940
53802
33102
42425
3815
40312
58524
9074
29506
19791
55746
60571
36037
46560
64750
31587
27448
51556
29041
37161
22149
38541
7762
34410
12293
23602
35019
58144
45031
22861
26747
37436
11127
27081
47092
47708
1857
40080
56781
31362
27102
46991
59165
30371
60782
25611
61957
55462
11631
58229
59854
1011
64002
34848
35421
10759
58449
4904
36135
37945
27764
30113
42612
6122
57193
24168
53829
26281
31479
45075
24875
25812
59297
18504
56182
54544
44114
19836
11702
22976
12529
6020
23986
10995
40867
59406
54521
33781
31541
57887
38957
26536
22464
48800
32657
46889
40199
53718
7634
6142
33257
65275
31953
59785
51010
22600
16025
29588
9667
27726
19795
22195
33746
43781
422
9077
4883
54942
10089
36424
47293
16277
62959
36988
65076
62848
18341
39739
51030
58742
13112
51518
25713
45065
45767
11188
34896
61792
8007
44562
23982
27802
33988
24959
38814
34409
34036
43696
56582
11356
14584
5571
27633
44775
9791
59940
42087
28131
34144
27581
54104
47255
46330
14282
59551
26561
58236
61678
55584
707
40704
14031
61275
41924
38989
34553
43564
40256
12714
34611
18844
60064
7413
46476
6535
17203
40880
48621
12566
42255
43433
33901
56742
24227
15414
50757
18020
8114
46900
8068
41588
54835
22098
37327
31223
28319
39112
42019
35806
19057
11094
54649
46352
51273
2821
52887
35708
10933
35972
48273
53187
46637
49405
11625
5328
64819
62382
56114
40164
10978
64182
16216
277
53511
20775
64267
16294
59886
40750
19332
46174
19075
8445
26990
37579
44033
14341
7751
54965
17545
23255
9848
31413
7125
21473
36740
6408
51086
27319
46571
62063
58732
30019
29571
46707
50793
61069
30233
12375
36283
49564
25780
22589
25240
52769
60168
3737
34342
35150
58701
19118
58405
3014
50530
65529
57253
54501
39168
42803
49051
20203
6562
42247
17453
36132
23419
2710
31666
53651
47851
35180
4911
8095
57769
30150
28096
19633
33887
62437
22014
27052
48786
14883
62832
33780
47643
21781
22745
21275
64583
6261
8710
5609
15739
26162
8973
39157
61639
40638
60039
43954
43049
64949
19281
35282
29564
47376
22146
30682
11509
11392
57733
60294
26274
22262
28538
41149
44042
18514
29655
10322
57541
38364
48697
7745
31758
24901
46901
27861
3
8637
39046
43052
40817
58326
45565
4845
7398
34943
35526
51673
46334
60491
46431
39839
49984
42200
15452
61257
27946
45107
38810
19951
50702
21972
27695
16924
46872
41828
12016
14107
17696
51062
24390
58512
11084
37186
63357
51249
6593
579
37386
20158
28301
51049
27229
12749
60480
9912
41238
55657
22250
14512
10073
7417
3715
4999
57107
50587
46826
3588
31925
64521
21881
23546
57498
32964
60731
22551
18677
34556
55896
23295
21945
51429
41575
49173
31409
36519
59085
7111
26641
15799
21623
3945
55982
25337
8943
47554
43155
23001
51141
42311
54753
7486
321
13947
7681
28284
3729
59125
62839
26857
49651
52015
12750
25690
35653
44158
29440
61969
18501
23312
44999
40123
27256
35446
32691
3431
17464
43078
26431
35836
52620
48415
10553
52941
62362
18233
48456
33322
44589
12991
60178
28704
65005
7392
54393
35122
18782
18298
64322
37282
41609
43786
44636
36097
13696
11791
39527
63926
22100
33189
34226
9185
48835
44778
29357
45661
30242
12277
13448
9296
25267
40857
37999
24736
48249
26857
27090
1495
12386
25876
6008
21226
4126
50643
24554
17821
29665
64080
48978
18997
64500
17668
28181
47800
29677
57537
60692
59919
37045
41371
36446
62311
16693
41676
54278
32173
35764
15832
899
48149
8940
6906
36607
13065
24780
61160
63653
54444
26937
47095
40672
25901
31995
3317
40932
28903
28085
3321
23286
32361
44691
26963
29136
28615
3104
50646
28019
38867
942
28917
54248
42648
3054
25319
55713
27833
20943
21062
49509
47879
35388
24645
41012
34614
60729
49175
63517
23278
52495
54034
55639
64418
15462
52006
60264
51332
37116
22748
24663
5290
51664
13375
47937
54718
5925
5346
49782
59635
59174
33755
9210
61794
58400
50221
30872
53593
1093
28853
44102
53587
17352
1437
19701
45
53443
14430
51376
57790
37177
43270
30311
56072
23877
45480
45254
29801
18057
62268
23900
11696
30487
33110
40721
56118
50562
6057
11407
51654
2142
22741
6938
52260
24177
26638
52304
44851
8299
38144
4338
45475
48645
34648
36012
6986
14592
48497
36787
65416
45229
27918
44343
42948
28259
19528
762
13286
58351
12169
32171
60492
34909
6340
47216
26317
32978
1216
5633
41276
39359
9970
53983
55236
11849
57226
62221
59208
40187
33472
59088
52648
28622
37895
62827
56880
57422
63588
37397
50237
42988
36800
12426
45128
43139
59641
5910
43348
60857
44309
19089
1912
21510
40303
57147
33358
31993
21065
27030
39411
54536
53349
59290
50389
25708
56581
41734
50361
21866
46362
35063
64853
50393
14720
11678
27997
41592
17587
5809
4145
29127
57664
38824
50636
65198
30435
51225
31655
51499
45487
5531
7732
33300
32052
25352
59008
23098
34317
43833
12195
15144
46127
11512
1
28078
23189
60764
4135
8007
33805
8279
4365
58700
47102
55000
58363
44769
7922
24482
63499
53408
62779
38462
53939
29296
63814
47411
19625
32595
58476
31819
14970
6299
10562
47738
34377
983
10198
5743
41756
44002
14021
46121
37167
61123
2817
62761
7588
10738
54474
5551
31377
51718
44013
19781
48245
9523
34423
35101
42117
60130
34151
24319
894
11944
6521
2502
12926
16718
8244
21914
27952
22264
35266
32350
50618
38082
29575
25437
16052
18513
30988
14660
37462
42232
34440
52938
18986
36095
22503
61102
30689
23885
52652
64349
35829
26404
1315
48754
10354
42325
37899
38305
31821
7629
5119
16903
45711
1925
9572
28994
20437
40559
43653
25131
50022
45325
12533
3472
48651
2268
31805
13804
26152
18922
45385
61980
12557
13931
12431
22910
56256
50329
28446
22541
25190
796
6675
38132
2720
16246
1590
55924
24036
12474
15519
8522
25030
60818
11993
8145
63085
11030
54716
23702
62718
34565
52913
9739
48495
32575
32649
39215
17369
61094
28987
9790
61890
35662
47921
31841
51907
49510
22229
10408
29215
4979
51696
54245
262
63689
29621
63346
41950
18801
54279
39132
53365
8889
48870
3557
41463
48750
10003
26063
11541
38990
35852
7895
9116
18237
6967
28254
34978
29196
5893
64193
1406
57589
20134
1667
22974
49754
32245
64923
3020
53755
38519
23616
62643
54620
59939
38571
37835
4407
64633
49375
43396
2182
24501
19743
20418
31467
15228
22628
27894
21121
21285
62067
13174
8650
63733
36147
58403
63209
2766
28654
51429
8516
52270
15768
63135
13905
21570
2666
18311
20668
52040
28938
55616
43772
48680
10498
42471
31140
357
37596
52260
21641
34127
32665
63057
32325
36043
55925
62765
38808
51810
48658
47323
5776
64426
12154
19681
20460
14820
37991
8359
34091
1394
31206
12328
17305
8936
54798
48444
9292
26858
2400
63700
60985
35064
61221
60541
38338
18842
57770
11610
5117
8125
26164
10892
39782
5550
30572
27473
20369
3028
3064
54459
37188
34269
34018
21724
43204
23280
37400
52496
17370
7031
50660
45586
42095
13577
7823
47664
32419
32824
59274
37535
40948
52669
48426
47961
58218
13463
42666
45818
49257
45729
1974
53676
47229
35991
9864
57665
26503
14495
11857
11104
21526
29748
56689
30852
43324
64511
12980
10207
64566
39485
47741
7211
59386
63399
55171
52068
11326
32301
65118
27814
45261
1556
48721
59722
4778
58584
51851
64047
40311
63707
9615
29068
27919
768
59919
5707
32510
40130
48681
31541
14080
30886
38751
7930
61516
61153
27229
40073
60686
26811
2351
7643
61133
51071
1829
33143
11352
20911
31654
18894
19082
8501
47961
14232
9268
42344
52706
9010
16938
35851
7782
63784
33968
46532
38945
29949
9381
639
4486
4531
60216
39604
44941
23046
57906
46769
23420
36489
2145
55073
55382
53993
63573
37807
2690
40073
47382
22627
16314
31552
25709
24095
62567
59676
37858
35977
56856
47238
36615
28574
19001
64062
35409
63941
21572
27779
12406
44991
31500
14550
1761
21346
35775
32565
26385
38464
39869
40998
28322
56182
7014
54030
14741
4046
15402
19830
7254
6723
1533
43868
2528
53300
9626
37936
18937
63965
32946
31342
10652
64445
13124
12412
20256
48898
12209
13872
54593
52077
54869
17379
42724
29115
5873
24696
33160
21274
44526
40413
60763
13290
51512
63290
33821
61137
2922
52757
59566
35868
18563
4683
34777
31686
49861
22264
15048
29301
3367
4105
15843
58236
54250
25798
21815
60122
17725
22206
48628
29482
29850
43855
10003
15826
8842
43823
44194
11763
31044
5457
47630
16839
42906
49639
15756
59998
39134
30804
23764
42501
2140
6838
35201
56390
65402
24247
18208
17591
46452
34067
47073
10766
12387
24307
59358
53995
2595
5248
32989
870
10704
47851
17708
20841
31954
33464
48071
5552
31499
6299
15284
870
45903
50484
24491
45769
9195
42699
63359
22878
11230
12128
875
56383
36435
60232
12074
6261
32712
45063
7130
10647
27378
57605
31488
59331
25533
14023
32114
24263
53088
47398
25132
33455
65113
49623
13688
41540
59553
44278
31649
5247
56406
32524
28862
60072
27220
40935
33564
59931
20462
40693
5043
15071
32762
3762
8866
25526
50551
8212
17020
38103
22841
42152
38789
55185
59006
52476
31189
53023
31218
62838
25501
54855
29826
21594
16623
24277
62529
50186
51440
50222
58111
23714
65293
58104
60242
41390
18095
45257
16833
35114
50591
39673
44497
23844
29323
37967
10784
27743
58221
9233
57812
50954
31320
54869
7012
15174
46378
36772
65360
32282
54226
25167
23227
53983
17735
17933
62604
35829
30421
13902
38175
15476
20806
49903
6551
17360
55102
50101
45103
47787
26565
4611
437
57884
59480
7449
7523
40322
11452
40114
39835
142
65280
63061
21356
17479
48225
51192
20540
45877
65093
58714
28584
53130
10313
35134
4955
65414
19699
17289
47666
46263
21899
15334
5844
15843
55549
13366
56164
1466
20711
63230
34374
20455
60755
22962
5165
10676
8618
25704
56552
8175
51649
19600
28536
61962
54733
33490
61840
41663
50778
11202
55158
7142
26536
61001
55751
49316
41598
46380
50781
62308
44074
52387
49994
6526
9813
22390
49968
18430
15326
40985
59371
1439
60584
22371
30632
17014
55861
59704
25908
8335
38137
15530
48243
31904
43762
38459
15685
19824
52070
33697
49363
63375
20548
1053
4365
30360
23443
54333
48789
38768
62549
9856
7438
24829
32227
5302
9074
55319
32237
34982
30885
4838
17743
13593
3974
61505
52051
19658
48560
38585
20586
32388
36424
41134
33440
8021
38725
24114
29585
54746
62881
26598
64601
4784
51426
64059
10085
60500
53842
9553
29946
51959
14390
47688
16
51130
10889
52066
5252
59449
57882
58605
59068
61537
34203
59739
4022
7392
18318
33606
62137
48430
60203
28435
20445
13326
26958
63296
8290
48032
7313
5467
34455
21703
20386
1702
7297
31275
20999
45316
57955
13345
38385
51487
9346
39819
12922
46135
14442
31239
14205
43811
46901
41640
6710
1810
54965
33667
65106
63254
48930
6883
3185
17849
61352
56337
19550
35881
22076
40548
15661
47262
21124
21277
33213
30470
28327
46135
43836
10000
44605
58040
53810
25970
34144
60519
27780
56340
61418
60117
54058
44812
1464
24474
29893
62816
15276
16674
33161
4583
57222
16053
51845
45577
4561
52289
10511
119
120
54346
10118
11957
14083
63928
37926
15458
26143
32937
6263
54792
27518
27552
1301
61749
52026
31193
26261
34533
47866
59421
6347
6784
42705
25423
52361
14497
12177
30103
14615
45063
51681
24732
57019
228
23124
62177
48452
16499
62345
54714
5755
24328
16731
7055
53308
35988
5479
14033
37752
53345
40685
44098
27360
17854
3986
14185
32350
48929
11520
46964
28456
63200
38927
19940
30659
29283
49348
13575
45781
46157
2754
18767
37716
52251
58589
25488
22703
64067
6752
60454
19108
47436
39016
46468
65289
10233
27884
64870
59161
39403
13530
54849
37067
52457
9253
2190
16204
25832
15765
29216
6453
51285
47982
44169
38000
41035
36888
27934
6799
43640
22852
25906
25540
29099
6838
58061
6564
1954
24627
189
41356
38157
55037
12888
25078
31521
47844
8513
57352
30840
4960
31037
49356
52941
9670
54587
61208
13789
16985
2471
57428
7068
61143
50200
36167
35213
42725
42730
37166
1816
10150
12986
7204
32419
58640
65048
63939
40949
8025
22988
39020
45751
54024
22841
33157
30925
44659
61596
44713
61644
31298
3838
3176
26905
54037
6574
62117
63993
16535
33747
33040
59452
13965
7476
26335
7069
6988
57505
15249
47780
14957
54269
27995
36212
44341
28383
1601
56231
24443
13546
52339
22972
50150
22747
49877
5883
29320
13690
37107
13087
14669
4611
7003
28633
12086
569
35701
51841
58073
18182
34085
40262
39682
62079
10938
51254
57694
45306
41949
16601
26083
28753
6805
10697
51499
23913
16579
48050
37602
53685
61136
19502
25527
35370
48134
4845
35938
51067
56685
61243
3713
58001
35969
43394
21776
46906
29112
13934
59443
38292
63302
19990
1509
4571
63453
20239
28483
14496
35521
33316
35412
63888
52818
60939
33723
2648
33015
36892
53714
24164
32599
24658
16629
3032
35283
38404
17170
64394
19570
43844
4383
17336
63834
5891
21906
61751
58897
17620
43479
28882
50935
13355
27234
38217
41525
60956
40865
9004
65080
61810
399
32143
20933
49794
2407
56215
55430
52343
22306
9464
30651
26688
26799
28949
65345
15936
57932
58706
33555
3107
54819
51721
49228
16518
24403
25218
44705
32499
1453
44249
61540
1852
43624
49704
51645
46030
7616
41539
32837
62688
18234
63487
23840
45032
59668
56416
60967
19296
16819
61753
22402
6102
47939
6094
22619
39573
64078
34556
39303
65531
13269
2539
34614
24124
52243
53490
4618
59858
62261
4686
57010
14959
35405
48081
59991
62304
38961
22654
16064
23011
51639
5697
29113
34042
44557
18963
40846
43100
53518
47380
10327
34019
49918
44940
58142
36625
32894
29992
63714
29619
1909
22420
44578
37313
4965
6265
34081
11158
61685
17376
1400
47788
55839
30512
49061
34861
49475
57138
12425
4689
38982
22751
38707
23365
34922
64081
27221
35047
28537
58167
64666
30445
15051
10940
34990
52783
49971
36302
31172
46120
20910
32571
61140
11213
30315
44665
46073
14254
3500
25729
18942
42481
15711
24881
33077
50632
23426
27530
20144
51962
20161
52041
49638
2443
30212
51859
22457
14647
55393
53628
60766
10767
53431
56370
21979
18210
2732
35284
65230
38998
61012
18636
15943
43955
43516
16252
61818
1406
11013
16426
20599
63940
35698
37469
847
374
23792
23304
15020
13649
44163
43018
57182
64825
1084
46393
17499
36582
16141
49960
10044
44384
35828
58754
22803
13808
42237
51853
47981
53249
35510
35811
51653
5673
7744
19731
38813
64303
10266
21065
45183
21661
31314
36830
20950
32397
17687
5681
36211
1059
55640
13486
45442
25932
6704
35477
6972
16172
21794
22184
3885
57303
57994
22769
30207
32970
42500
3485
64504
19997
24549
44151
41657
55862
15445
62607
55490
363
35519
26165
1421
25623
39651
14095
18787
13586
49571
58525
62525
38596
15173
33641
30363
40398
56410
60570
40599
606
31286
39567
20602
23066
50950
29491
46159
33626
26562
36113
33989
29312
29510
2641
22166
36392
16735
40952
17209
770
1173
14198
6597
16345
47839
36960
23975
5945
64761
64573
39317
63278
5837
59918
20808
24018
23873
1431
57643
17666
4775
58863
14209
1516
61504
36375
37907
12703
44558
55116
46240
45731
36545
52836
29307
18848
57027
53281
57559
23484
19551
31340
53993
58154
58490
42032
16636
49594
43462
41510
34492
15469
34838
48700
16984
63573
52306
22123
43507
31329
44470
24211
44291
15479
44279
8062
1559
3002
28575
59117
59253
15357
24922
47710
7975
50643
24207
57377
34701
34900
33351
3657
17600
35420
52357
1816
33457
39127
23938
11429
37687
2872
35639
16442
51117
47149
57271
52675
17383
53077
13489
43867
35665
5642
26041
43639
56284
17479
2712
25449
19611
36062
61873
37210
5947
15926
6257
6635
55052
30194
18063
59971
297
20934
43644
18646
2547
2611
38552
52696
55687
52040
31027
25816
24913
24300
36686
48428
9010
6629
41109
28620
9923
37446
33062
48636
53371
6550
55270
10119
36744
7798
4554
4272
28731
15430
22917
64044
18040
28701
18437
40959
15205
16695
34006
7350
40994
37924
55777
17236
44552
31350
13087
21706
36027
13380
4806
23862
19930
60076
1213
23905
35105
38533
28176
31067
53962
18325
62342
39234
47025
15243
47424
29461
31938
15894
36810
40163
21049
59819
57398
66
58400
4950
54538
28892
51096
59344
19985
5490
21116
53964
29394
23452
26962
57570
54518
48155
43126
51324
21853
24615
33799
3741
54075
32968
52402
58117
7595
7915
19632
32225
40747
12496
4406
29750
8619
55501
56325
61371
60991
11905
49799
24849
35356
43992
49650
57105
59379
27240
10125
15696
19086
43923
52204
40393
11355
6302
206
51717
46983
19837
18406
22195
65099
22811
51944
40950
45543
9965
36785
40998
21869
53815
33079
24456
32272
49960
48792
26115
44432
58916
9042
63517
4536
28477
38374
15890
2010
5811
34838
48993
25647
53243
5652
25211
43285
24827
625
23293
34791
4641
31522
23891
58455
31832
15578
57958
16257
64369
51304
60688
24981
27578
25901
29516
23286
31507
12638
58063
37317
47475
41520
62964
2415
14403
55406
12931
6461
23262
36223
8483
60669
34977
32373
20820
1273
15182
46010
17529
46782
31778
45448
6227
26587
5814
2975
17105
37320
15612
9632
9101
63086
18383
39296
32732
32785
61933
45663
6477
52426
49117
14959
47559
18558
14563
2844
52598
29744
48853
4591
10990
47862
17271
49983
41681
23084
52957
26017
27635
3033
2880
3967
33351
21262
10495
33314
21278
6892
13441
27754
26550
62558
42712
8573
48347
57274
44183
35409
54249
60267
40000
32470
9826
24502
16917
18738
14817
37106
44754
9683
7370
14865
13649
40720
36126
56910
8499
24635
31034
54706
52388
57583
51728
62331
33387
34540
54069
44802
4413
10014
39533
11644
42483
16590
3377
26631
2559
18193
63736
14544
27875
5571
29408
8756
13522
32765
130
54787
57399
31163
43958
44251
23210
62917
41046
23829
64688
62346
3095
36333
6824
9859
15208
16538
26449
18585
43169
29007
4009
41369
43551
64651
14171
40190
7871
27693
7420
40767
16944
64818
6395
28133
10766
62371
58282
19043
20664
57434
15854
56525
60998
55444
849
10671
6447
27297
62022
49615
23535
33262
58215
34317
32377
39618
8972
7479
1775
49158
15478
51485
48440
21872
46850
26437
51474
39596
45480
39370
64261
61333
30359
59724
18473
31207
37626
57686
25735
1344
41765
16502
34605
1677
50818
34214
41294
27021
8924
10300
10643
24401
29016
26315
13504
10330
52751
64978
49925
65462
6044
15883
28491
36402
10071
46964
34841
14928
39114
60575
16271
48111
11541
18107
17019
29591
52320
58312
56611
61244
35843
34486
52876
64858
28032
845
9653
48014
33054
26809
47941
39097
42691
10896
42730
19993
57859
12035
2152
64205
39842
18422
46780
51382
3761
63798
15437
56080
23806
39280
19020
59648
40997
39128
26202
3493
39972
35854
18738
40257
29895
1143
13818
39817
12039
56547
27042
37129
35814
29193
35798
10120
14847
49809
61501
18607
15303
44170
41918
6340
50681
28170
452
58909
1762
59421
29633
8965
62506
48370
49221
26865
16745
63038
33914
61550
21281
60955
33143
57094
24612
36173
34445
39458
53213
63178
25296
2981
41812
1679
9320
59724
29848
42539
53097
64376
36424
17194
7805
626
32795
24257
60258
49539
54526
28636
45553
10271
24055
45928
34597
15898
16565
36273
55356
37009
33915
15116
39989
10191
49561
16541
37146
46640
26311
57474
45480
29966
41899
20516
30591
9159
44772
25313
58697
33762
53948
5947
11265
45234
51874
45861
61132
35670
16598
18184
7143
17745
531
14364
27935
50092
63671
32313
31196
24446
24251
11141
21643
615
64423
52233
9773
43660
44778
35701
11886
422
41647
23150
45656
60752
36242
41252
30886
20072
26667
5261
37816
27197
19624
32982
11753
50526
32526
42949
9436
56777
21321
31078
24623
52975
50542
34395
31099
29784
37327
10217
62973
46206
598
43093
8654
36840
51576
39540
24143
12707
44800
29190
39903
31655
29403
18888
16645
61929
29068
58847
53170
17620
57156
12257
5059
42162
13883
36158
39178
18441
13606
36615
64646
14203
46939
7765
18274
32979
14536
42416
12917
26567
38837
20051
25453
2705
38938
9329
64633
2470
2640
52267
20089
59795
31755
57915
3653
12869
28537
42830
31309
9374
46676
63187
23576
28079
38183
41850
28289
52718
51497
8437
46516
24799
28488
6433
27503
34657
15761
59367
4359
18400
13330
57214
45426
45084
49593
16310
57952
45361
26372
56492
54734
7512
54143
12775
2823
26790
54624
63878
46739
7817
39547
27719
32615
2499
34151
60117
4387
17143
21180
8745
2774
34509
424
15431
14057
50016
31741
39240
62609
58112
30197
51807
32855
18804
64581
2909
12826
20901
1252
59564
28718
40798
54515
28564
10528
55897
55913
47681
7505
11557
56426
10278
46066
24081
25709
60122
41328
24681
1059
38401
17257
31255
24673
50111
17290
56485
53020
62882
44618
21503
56911
7800
29532
45890
36363
7291
36251
59507
54971
10987
5529
45861
21265
51594
37173
14205
13412
12966
6117
14470
51366
23373
12956
10503
40715
63013
1453
60966
60359
46070
16933
51734
21101
13696
64855
24695
20986
2803
18667
10422
13789
56962
23514
2285
43020
60687
49256
23663
8117
55372
38133
59482
13209
18320
37217
21156
15797
5901
16586
10621
19202
751
29586
40302
14446
61673
32228
2664
64475
18126
13085
12728
9552
36598
47780
19803
64516
31500
43466
7097
21337
48830
33811
1777
1614
5492
22932
50178
11392
6750
60798
30593
40267
57615
38126
54712
53752
37585
24607
19923
55711
37691
65418
32494
41521
47662
19529
40501
13626
62994
14830
34962
46288
48640
3971
15133
54131
26902
65310
32754
33651
27804
63346
8382
19884
3168
30326
40867
40752
22164
60790
63694
59855
27904
30653
3072
10030
50181
10804
23655
14871
58400
25849
28390
41504
29819
10754
62866
23952
10529
30084
24835
5564
60661
448
58214
63828
63540
33546
39045
20169
61567
4435
47255
23935
35087
50326
33964
52499
28361
24850
34601
21226
17930
30222
29961
47748
40976
27292
6165
51504
24607
30999
57067
19733
64213
49746
50792
62218
50523
57068
16851
13786
61503
64105
4952
63821
16127
38915
18017
44487
30996
19849
32944
48926
50071
62905
63905
25511
57428
4534
44246
16499
2764
3009
3463
1442
52754
54255
30891
4973
13019
47741
18758
8986
46310
23709
40039
62436
29855
58055
8619
28083
12368
41563
11473
62438
38932
9842
55180
30824
47143
33890
14554
17138
36899
18017
51346
56884
39503
16701
29089
52521
31673
15078
28739
12447
6019
3242
42114
35873
28528
50733
31187
8127
26760
9891
37797
32923
52500
27441
30978
34107
28563
45531
18476
65461
63547
37054
24041
4746
20986
53129
57267
52659
2672
53237
65105
41457
23710
41684
11794
52237
59648
10213
27595
53639
20103
65391
21026
7067
27297
19235
8405
55859
64765
59648
23016
30009
31166
14288
34754
52151
1882
59252
39274
37320
14185
6076
13241
37894
14991
57801
57362
9103
35245
19422
29973
55348
19277
18230
62414
13805
37464
38051
36895
36693
32163
59910
33933
63328
8663
3152
17175
43311
29635
23681
47862
43820
29756
28334
48945
11978
53366
40772
53847
23076
60193
18284
12888
46701
36513
42533
60506
8441
15048
31865
12365
47210
59007
46298
12234
34901
16681
62176
12676
13547
20321
27769
24598
17308
23334
8008
29285
11164
16011
17596
34239
43435
3111
14358
24600
39623
24123
19570
15295
39170
18667
60426
53612
12138
8420
33077
47038
57867
29717
26945
5879
17269
21945
30476
34576
45278
5715
63860
56441
54492
48687
57912
32391
51797
6734
56991
58651
30856
43792
8410
37258
62458
36068
58101
41827
44487
25642
23329
36819
22591
17505
9929
39859
39449
7636
8900
19191
13351
39991
42864
35074
23143
2472
1930
9404
41972
58920
2520
40060
4408
43696
11782
1331
46995
37114
43157
25947
29987
33718
29997
52577
51222
39925
59668
57903
47560
3032
44325
28142
43022
54420
30448
33396
56891
32377
42800
33328
58528
12551
7852
62935
23478
52400
31497
4938
56745
41886
63651
21196
10068
60879
8238
28521
2500
2370
53655
17291
38168
32445
12665
48421
54096
43112
16282
45452
9953
26313
46011
35712
6095
21094
33111
62339
40725
31840
1741
31934
8190
32623
53129
51024
27966
28598
46776
63232
63734
34896
14988
3598
34572
27652
52019
55899
5228
35532
35815
15180
29076
49057
50891
35170
4615
51233
64740
12571
17537
946
44504
58493
800
64865
43981
61533
60694
57989
59229
58893
60116
8681
29722
61919
36332
48972
52282
41559
51735
55329
23970
15275
38850
42092
17676
10697
27790
16881
56034
12558
50593
35003
5516
18624
1564
16728
14621
62257
41948
41082
22846
36528
49762
52568
32911
53326
3236
52425
62116
54971
42218
53318
4710
48299
29874
55153
26227
24895
6498
16726
37453
24322
18960
10200
42945
53290
59694
57566
50011
3339
33112
40089
39866
50105
59888
40009
5127
63123
59665
1708
19790
3579
55025
24500
51877
52130
46884
45336
11490
53381
29293
16174
12167
15484
59140
55111
3238
20530
14373
20480
23868
14716
60568
30966
32053
22152
5439
37179
19740
32335
6118
39529
35913
28374
31260
55021
14969
12608
34821
59225
33220
31345
42630
12618
46828
36234
2194
50065
56763
49333
5010
47863
64049
32809
13293
30566
54961
51498
34976
41932
18297
41094
48692
54209
36699
47184
43694
18899
27023
45747
12588
60243
11556
55217
40092
25616
58682
42285
10145
17142
58850
47921
65004
57363
47962
45528
55160
4619
31490
24600
46550
49786
32925
62473
5691
4089
44121
49384
22987
38376
62362
2807
33083
8383
25255
40406
1230
18402
17156
11374
2775
43237
26527
35010
2296
8953
15002
57455
13571
13723
49286
27352
30740
16676
24289
36430
53531
35642
53045
10982
8482
49872
46555
8796
25486
6275
16433
26715
24676
33588
5320
60217
44056
64613
29691
46351
8030
44692
38270
54367
58414
54788
48950
23618
5928
40471
27279
26690
43344
14788
4903
51825
31891
51458
27852
24608
57732
44284
51322
49639
45104
23874
44320
56391
22951
41242
37207
63748
53165
42708
52579
13275
31960
3226
4124
5119
43696
31402
31808
21504
13421
36711
40560
45312
55400
35643
4384
47596
47158
22938
64466
59493
46811
10482
50349
4226
51723
22020
35205
39352
31959
22249
52626
63919
25474
56749
3502
36401
22615
2542
57904
36035
6484
32928
48578
61883
3035
52962
43943
17424
43131
42873
11382
24406
20586
61730
61398
6773
50981
31068
46124
17404
20548
33214
48554
13253
57194
19288
49653
47040
21829
9253
17539
28312
9412
33349
24659
45213
53542
35833
62636
31137
45937
8482
55542
987
37443
18636
7759
22888
16935
21114
7524
37482
21559
56077
17966
13217
9829
34850
60256
64424
44102
45026
27200
53513
12839
19090
33190
845
54922
63058
31981
35323
6004
54754
36309
43447
40622
44067
33566
57556
32412
41089
62270
53970
64398
47467
1651
41458
16782
61906
40347
28115
8629
2011
48860
21467
21101
49281
55079
43254
46803
54291
13042
52807
10742
16582
63485
51363
27881
64282
10615
60292
39836
40116
48727
5930
22048
50377
47387
6061
13980
22198
34175
22608
56976
17499
11306
45308
34012
33616
23026
15279
22372
36067
35317
345
19881
498
18939
47761
64780
29553
42517
6312
36901
25708
12241
58948
43317
26859
65008
57296
49057
33647
47135
7729
18378
58440
53036
52389
59288
10526
34899
16124
13825
4681
49235
33705
5178
2638
15930
4422
64957
58446
43500
36322
51386
55740
29734
29167
49831
61973
53694
33352
62852
35293
41080
15694
60964
28580
35314
54716
6337
4677
38071
20161
42124
21770
21097
47302
24407
4258
18955
23829
29936
62455
60150
15786
19891
57116
12184
4186
53553
342
4769
50869
35634
13080
33794
31062
8891
3572
53010
15228
41016
25545
2620
17604
47315
56484
32137
38953
60741
51092
62781
25141
15243
24628
8158
2365
48975
20341
39318
4224
20682
11318
55093
23547
24398
56118
21841
33288
26922
9315
48515
2402
34859
18367
52772
16638
9315
19374
55591
4520
37697
20068
29661
20171
11927
5050
22535
28133
25391
29084
32357
13304
40402
54681
36851
64799
45263
58691
32551
6649
35237
48298
41817
4560
1129
29054
53965
43210
48427
11252
47729
20588
64086
44621
40758
10478
49671
30524
38610
42293
59608
38198
55596
1706
27343
26911
969
7071
52833
751
46486
22534
16280
22768
59861
50175
51821
48290
27849
1944
59541
42810
55298
58091
54662
63287
35800
6029
28275
41642
48321
55114
14304
5614
56819
41647
65291
25019
15949
52589
58537
29666
42354
9281
52433
3911
59456
5950
52200
21769
7893
13437
31810
30422
38760
20937
28173
41791
26965
56448
17897
42518
13258
64968
48131
37309
8311
47886
62327
24259
2171
55328
53924
11757
31841
8054
15667
25761
46770
35099
14761
21895
48535
46571
52316
54526
34739
14954
30782
28935
38633
15910
38684
51890
15342
54046
23663
23652
3629
53222
47910
5799
10246
3531
50322
42086
44351
33221
35078
25585
2784
17071
47479
18550
30873
34260
7541
76
16445
5554
61777
55077
21463
34926
41431
36805
23436
32326
60456
59831
52779
10063
95
30256
46360
17648
39574
25175
50868
9116
17991
53651
26186
65470
6666
57058
1426
46973
24365
17870
52526
53374
7411
41220
55531
16073
12489
46198
15630
40177
40494
35640
50239
7820
361
31063
25467
39934
23469
10800
49049
41459
31682
42467
8625
5579
1221
42817
52551
58353
27918
6773
46191
2560
47993
36186
18633
27713
16848
1494
2354
57341
37134
52592
65160
4726
50886
25092
44659
8819
3123
60939
17510
2036
37870
58901
7615
6323
36183
27397
64675
64100
1402
45330
1125
16626
48747
52524
44338
59
21249
46692
57400
58382
980
24256
63107
19098
16579
9462
60683
19701
4866
12657
54504
9967
6023
62118
16289
9437
23979
15428
8001
25380
27989
41892
9237
11200
28880
53575
11259
17361
1963
35890
10207
2942
27377
40546
22039
43956
50007
17187
30888
22104
62610
19856
32071
35864
16438
48359
45300
7649
31019
20533
260
59007
29656
9497
37439
25768
30303
48697
43128
32265
51818
20566
2438
13659
61111
57244
24846
12815
41662
55734
2150
38736
42821
34220
41832
59259
49811
54363
34139
48061
9360
1630
8764
39016
43893
46202
32015
8660
62130
9607
40924
15644
30172
10594
29303
58515
2302
54148
38561
43963
11578
40710
49930
54399
42162
58993
15354
26437
47821
16724
41729
24412
18353
50492
30659
29478
31159
62673
38137
60520
6744
46293
10629
4148
56886
7163
62662
26419
28542
35687
37613
40120
10861
54774
61750
20254
48232
11568
46690
30517
61058
22883
54928
13875
40607
20052
10584
38997
17189
48721
33981
56700
62245
44609
60847
20827
51771
57973
47245
47545
60891
52089
22129
38983
41327
18343
59237
24023
62677
7623
21771
58199
63273
11164
39305
38344
63982
49889
11805
48402
306
13017
39566
62550
24858
34877
50608
43860
60081
32317
25869
55436
51637
47997
61651
27428
33571
55352
18683
63479
62974
40453
23374
27943
51616
29911
751
50062
14264
45322
32929
47336
58339
39726
11582
50428
41835
62189
28752
36380
61737
54621
59048
47838
4314
55163
42497
37885
12211
61179
3060
42416
36097
26434
4824
22177
56344
38341
39471
37839
50895
39631
52406
10930
46588
63987
61357
22887
60640
24573
59267
24073
13658
20011
6375
17972
42405
16103
23088
54615
11747
26147
64262
47843
19812
36317
37251
43387
9123
43953
48457
27249
50815
35327
38178
31868
1010
1231
54754
28881
58570
15717
52953
6693
35727
26559
57431
45363
42662
14983
34442
54408
8361
401
3947
60940
