50
256
680
1086
1511
1638
1722
1775
1994
2324
2474
2592
2612
2716
2859
3064
3614
4011
4405
4482
5222
5440
5529
5938
6164
6704
6717
7715
7987
8314
8759
9114
9128
9477
9733
9749
10115
10267
10602
10739
10871
10894
11017
11158
11548
12029
12112
12285
12770
13610
13989
14019
14080
14238
14449
14498
14724
14753
15173
15655
16055
16589
16862
17134
17382
17388
17687
18580
18849
18853
19183
19640
19755
19766
20269
20298
20474
20484
20952
21288
21936
22098
22146
22187
22603
22889
23037
23075
23185
23315
23515
23622
24327
24494
25236
25434
25869
26887
27783
27787
27886
28036
28073
29173
29487
30076
30391
30479
30535
30547
30731
30810
30927
31043
31302
31339
31481
31603
31614
31775
32496
32933
33474
33878
33982
34096
34344
34723
34998
35713
35735
35980
36266
36287
36870
36890
37001
37222
37564
37698
37862
39534
39554
39652
39785
39872
39988
40518
40705
40754
40781
40817
40890
40896
41083
41626
41925
41972
42152
42273
42525
42593
42970
42984
43520
43681
44001
44065
44107
44167
44419
44452
44559
44600
44747
45358
45544
45603
45828
45923
45938
46585
46843
46872
46921
47083
47519
48406
48530
48573
48597
49434
49923
49938
50391
50489
50632
51071
51369
51484
51805
52876
52882
53046
53185
53497
53804
54212
54239
54425
54582
54704
54906
55056
55249
55271
55527
55647
55703
55710
56040
56093
56800
56875
56977
57145
57248
57662
57793
58140
58591
58659
58695
58733
59363
59685
60860
60959
61224
61322
61483
61548
61661
62118
62270
62377
62468
62644
62857
63615
63935
64048
64209
64364
64691
65163
