1
3
3
5
16
20
26
30
45
48
49
50
50
52
56
59
60
66
68
68
68
69
71
75
76
86
95
107
112
119
119
120
126
130
142
142
148
165
165
178
178
178
188
189
192
201
206
210
217
228
235
236
237
238
240
240
242
242
252
256
257
260
262
266
271
274
274
277
283
297
298
300
306
310
321
323
326
340
342
345
346
352
357
358
361
362
363
367
368
368
374
382
392
399
399
401
401
402
410
410
415
422
422
423
424
425
434
437
437
438
439
446
448
452
457
467
468
473
488
498
500
505
510
514
530
531
536
541
545
551
557
558
569
569
579
579
581
581
585
587
591
598
599
606
615
619
624
625
625
626
633
637
639
641
643
648
650
653
669
670
680
683
688
688
689
707
709
715
722
734
738
751
751
751
753
762
768
768
770
775
777
778
783
784
794
796
800
807
829
837
842
843
845
845
847
849
857
865
866
870
870
870
875
876
876
884
889
893
894
899
899
901
902
913
925
925
930
930
932
934
935
942
942
946
947
956
956
960
962
963
969
980
983
984
987
1000
1000
1004
1005
1006
1010
1011
1017
1018
1022
1023
1029
1041
1053
1059
1059
1067
1075
1078
1079
1084
1086
1093
1093
1096
1108
1119
1119
1122
1125
1125
1129
1137
1137
1141
1143
1146
1166
1169
1172
1173
1179
1185
1196
1209
1213
1215
1216
1219
1221
1222
1230
1231
1233
1234
1243
1247
1252
1252
1254
1255
1257
1263
1272
1273
1278
1280
1281
1286
1290
1292
1292
1295
1295
1296
1301
1305
1306
1309
1315
1318
1329
1331
1335
1335
1339
1344
1350
1358
1363
1367
1367
1367
1372
1374
1375
1377
1380
1383
1393
1394
1400
1402
1406
1406
1415
1421
1426
1429
1431
1435
1436
1437
1439
1442
1446
1447
1449
1450
1453
1453
1464
1466
1477
1480
1485
1493
1494
1495
1500
1509
1511
1512
1516
1519
1527
1527
1530
1533
1542
1552
1556
1559
1561
1564
1575
1578
1585
1590
1592
1598
1601
1603
1605
1614
1619
1630
1638
1649
1651
1658
1667
1667
1669
1674
1677
1679
1686
1689
1691
1697
1702
1705
1706
1708
1713
1716
1719
1721
1722
1725
1733
1740
1741
1742
1753
1758
1760
1761
1762
1768
1773
1775
1775
1777
1789
1810
1816
1816
1816
1819
1829
1833
1833
1847
1849
1852
1857
1857
1870
1872
1874
1882
1883
1885
1904
1909
1911
1912
1913
1918
1925
1927
1930
1931
1932
1937
1941
1944
1951
1954
1963
1967
1971
1973
1974
1982
1988
1992
1994
1997
1998
2010
2010
2011
2030
2033
2036
2048
2048
2060
2067
2069
2079
2085
2086
2099
2114
2115
2116
2120
2123
2126
2126
2131
2140
2142
2143
2145
2148
2150
2152
2155
2160
2161
2163
2171
2182
2183
2185
2190
2194
2195
2196
2199
2218
2218
2223
2237
2238
2242
2244
2247
2253
2256
2265
2268
2270
2273
2282
2285
2286
2291
2292
2292
2296
2298
2302
2302
2305
2311
2314
2318
2320
2324
2324
2328
2334
2341
2343
2350
2351
2354
2358
2365
2367
2370
2370
2375
2386
2394
2394
2400
2400
2402
2407
2410
2410
2412
2413
2413
2415
2426
2429
2429
2430
2437
2438
2443
2446
2448
2452
2454
2462
2470
2471
2472
2474
2488
2492
2493
2499
2500
2502
2504
2506
2513
2516
2520
2526
2528
2528
2533
2537
2539
2539
2542
2544
2545
2547
2548
2550
2552
2554
2559
2560
2565
2571
2573
2586
2588
2589
2592
2595
2600
2611
2612
2615
2618
2620
2625
2625
2631
2638
2640
2640
2640
2641
2643
2648
2652
2655
2661
2664
2666
2667
2669
2671
2672
2676
2687
2690
2705
2710
2712
2714
2716
2720
2720
2732
2738
2749
2754
2756
2759
2764
2766
2767
2769
2774
2775
2784
2788
2800
2803
2804
2807
2808
2817
2821
2821
2823
2833
2841
2844
2846
2847
2849
2851
2853
2855
2857
2859
2862
2862
2865
2867
2872
2877
2877
2880
2892
2896
2897
2897
2902
2909
2909
2916
2922
2922
2925
2931
2937
2942
2949
2959
2959
2962
2964
2975
2975
2981
2981
2982
2989
2989
2991
2995
2997
3002
3002
3008
3009
3009
3014
3020
3024
3026
3027
3028
3031
3032
3032
3033
3034
3034
3034
3035
3053
3054
3055
3056
3057
3060
3060
3063
3064
3064
3071
3072
3075
3092
3095
3095
3100
3104
3106
3107
3111
3115
3118
3120
3123
3129
3143
3144
3152
3168
3171
3172
3176
3180
3184
3185
3188
3195
3205
3207
3212
3213
3216
3218
3224
3226
3236
3236
3238
3241
3242
3245
3248
3250
3255
3260
3260
3267
3270
3274
3274
3276
3277
3283
3288
3292
3298
3311
3317
3321
3324
3327
3327
3339
3340
3340
3340
3367
3368
3370
3377
3377
3396
3407
3407
3431
3440
3447
3449
3451
3451
3463
3464
3464
3468
3472
3474
3485
3493
3500
3502
3503
3503
3510
3513
3531
3531
3538
3538
3557
3572
3579
3588
3590
3594
3597
3598
3614
3622
3629
3633
3635
3637
3642
3653
3655
3657
3670
3682
3688
3697
3699
3711
3713
3715
3723
3725
3729
3729
3731
3732
3734
3737
3737
3741
3743
3743
3744
3745
3745
3753
3761
3762
3765
3782
3790
3799
3799
3804
3812
3813
3815
3838
3838
3840
3842
3849
3855
3861
3861
3874
3881
3881
3884
3885
3906
3911
3916
3927
3933
3934
3939
3944
3945
3947
3961
3963
3965
3967
3970
3971
3974
3975
3980
3986
3995
4009
4011
4012
4016
4017
4017
4018
4022
4023
4023
4024
4025
4035
4038
4045
4046
4053
4059
4059
4064
4065
4073
4078
4079
4087
4088
4089
4089
4096
4105
4109
4112
4124
4126
4135
4142
4145
4147
4148
4149
4149
4161
4179
4186
4189
4208
4212
4222
4224
4226
4237
4253
4256
4257
4258
4260
4263
4265
4270
4272
4286
4292
4302
4313
4314
4320
4329
4335
4337
4338
4338
4345
4348
4350
4356
4359
4365
4365
4378
4379
4382
4383
4383
4383
4384
4387
4391
4391
4397
4402
4405
4406
4406
4407
4407
4408
4413
4416
4416
4417
4418
4422
4430
4431
4435
4445
4452
4457
4477
4482
4482
4486
4519
4520
4522
4522
4531
4534
4535
4536
4543
4549
4552
4554
4560
4561
4566
4571
4572
4576
4579
4580
4580
4581
4583
4591
4599
4603
4604
4611
4611
4615
4616
4618
4619
4620
4621
4634
4641
4648
4658
4661
4663
4664
4675
4677
4677
4681
4683
4685
4686
4686
4689
4697
4710
4712
4718
4726
4729
4734
4740
4744
4744
4746
4750
4752
4769
4775
4775
4775
4777
4777
4778
4783
4784
4797
4806
4808
4810
4811
4819
4824
4836
4838
4845
4845
4855
4860
4862
4866
4874
4879
4879
4883
4903
4904
4908
4911
4920
4938
4942
4946
4946
4950
4952
4955
4960
4965
4969
4973
4974
4975
4979
4982
4985
4985
4987
4991
4996
4999
5001
5002
5009
5010
5010
5021
5024
5029
5034
5038
5043
5045
5050
5056
5059
5101
5117
5119
5119
5119
5122
5127
5128
5128
5129
5132
5152
5155
5158
5159
5165
5166
5166
5168
5172
5175
5176
5178
5179
5186
5187
5191
5200
5206
5215
5222
5228
5236
5242
5243
5247
5248
5252
5254
5254
5256
5256
5261
5261
5261
5267
5277
5287
5290
5291
5299
5301
5302
5304
5320
5326
5327
5328
5331
5333
5335
5337
5346
5353
5362
5363
5371
5373
5376
5378
5388
5391
5399
5403
5407
5414
5419
5420
5426
5430
5432
5439
5440
5446
5446
5450
5453
5457
5467
5477
5477
5479
5487
5490
5492
5493
5493
5496
5497
5511
5514
5516
5526
5529
5529
5531
5540
5550
5551
5552
5553
5554
5554
5554
5554
5562
5564
5566
5566
5568
5571
5571
5575
5579
5580
5583
5585
5589
5592
5609
5614
5617
5621
5621
5628
5628
5629
5630
5633
5636
5636
5639
5640
5642
5648
5651
5652
5657
5662
5665
5669
5673
5681
5682
5691
5692
5692
5697
5699
5705
5707
5715
5724
5728
5743
5743
5755
5758
5763
5765
5769
5776
5776
5777
5789
5792
5795
5798
5799
5804
5806
5808
5809
5811
5812
5814
5815
5821
5826
5833
5837
5844
5845
5847
5848
5848
5863
5864
5873
5874
5876
5879
5883
5886
5890
5891
5893
5894
5894
5899
5900
5901
5903
5910
5918
5925
5925
5928
5930
5931
5938
5938
5941
5941
5945
5946
5947
5947
5949
5950
5954
5958
5960
5976
5978
5982
5993
6002
6004
6008
6015
6019
6019
6020
6023
6029
6034
6035
6037
6044
6051
6052
6055
6057
6061
6068
6076
6087
6088
6092
6094
6095
6102
6108
6111
6114
6117
6118
6122
6123
6142
6142
6144
6160
6164
6165
6173
6194
6203
6213
6216
6218
6218
6225
6227
6238
6244
6251
6252
6255
6257
6261
6261
6261
6263
6265
6275
6278
6288
6291
6294
6298
6299
6299
6299
6302
6306
6312
6319
6321
6323
6335
6337
6338
6340
6340
6341
6345
6347
6353
6354
6355
6356
6358
6370
6375
6395
6395
6399
6401
6408
6415
6417
6430
6433
6436
6438
6446
6447
6447
6453
6455
6457
6460
6461
6465
6468
6472
6477
6479
6484
6485
6492
6494
6494
6498
6508
6517
6521
6526
6527
6530
6531
6535
6540
6541
6549
6550
6551
6557
6559
6560
6562
6564
6574
6574
6577
6587
6593
6597
6598
6604
6607
6608
6627
6629
6635
6645
6649
6652
6653
6656
6658
6666
6667
6671
6675
6682
6684
6688
6693
6694
6696
6702
6704
6704
6710
6714
6716
6717
6723
6727
6727
6732
6734
6744
6750
6750
6752
6752
6752
6760
6769
6770
6771
6773
6773
6779
6784
6786
6789
6793
6799
6800
6803
6805
6824
6825
6832
6838
6838
6844
6846
6847
6848
6856
6856
6864
6869
6881
6883
6892
6892
6895
6898
6900
6906
6909
6909
6909
6914
6930
6938
6940
6941
6952
6956
6963
6965
6967
6969
6972
6977
6977
6985
6986
6988
6994
7002
7003
7004
7004
7007
7008
7011
7012
7013
7014
7016
7019
7024
7026
7028
7031
7032
7036
7044
7051
7052
7053
7055
7055
7055
7056
7067
7068
7069
7071
7079
7080
7083
7085
7086
7092
7097
7101
7104
7104
7108
7111
7114
7118
7119
7125
7127
7129
7130
7135
7136
7139
7142
7143
7146
7148
7148
7152
7153
7154
7161
7161
7163
7164
7171
7172
7179
7196
7196
7201
7204
7210
7211
7226
7231
7246
7254
7257
7271
7273
7281
7283
7287
7289
7291
7297
7307
7309
7309
7313
7319
7327
7335
7339
7345
7345
7350
7351
7352
7353
7353
7354
7356
7359
7364
7365
7370
7383
7391
7392
7392
7394
7398
7411
7413
7413
7417
7419
7420
7430
7434
7438
7449
7457
7459
7466
7470
7472
7475
7476
7479
7484
7486
7489
7489
7490
7494
7501
7505
7507
7509
7512
7513
7514
7521
7523
7524
7527
7531
7532
7540
7541
7541
7542
7544
7544
7545
7548
7562
7569
7576
7577
7583
7588
7588
7589
7595
7596
7597
7599
7599
7603
7604
7611
7614
7615
7616
7617
7623
7627
7629
7634
7636
7636
7639
7643
7645
7647
7649
7650
7655
7656
7661
7666
7674
7678
7681
7685
7685
7696
7711
7712
7715
7715
7729
7732
7733
7743
7744
7745
7751
7759
7762
7765
7765
7773
7774
7777
7782
7783
7784
7784
7798
7800
7805
7810
7817
7820
7823
7830
7852
7853
7863
7864
7867
7871
7875
7876
7878
7885
7889
7893
7895
7901
7902
7902
7913
7915
7919
7922
7924
7927
7930
7931
7937
7939
7944
7948
7948
7949
7960
7969
7975
7987
7998
7998
8001
8007
8007
8008
8021
8025
8030
8030
8031
8032
8032
8038
8041
8041
8041
8042
8045
8050
8051
8053
8054
8059
8062
8068
8070
8084
8085
8095
8095
8097
8105
8106
8109
8114
8117
8121
8122
8125
8127
8135
8143
8145
8158
8158
8162
8167
8172
8175
8190
8190
8192
8193
8194
8196
8207
8209
8212
8221
8221
8222
8227
8228
8236
8238
8244
8245
8250
8263
8279
8281
8282
8286
8290
8291
8292
8299
8307
8310
8311
8314
8314
8317
8320
8335
8349
8359
8361
8361
8376
8381
8381
8381
8382
8383
8389
8394
8395
8405
8406
8410
8415
8418
8420
8428
8432
8435
8437
8440
8441
8442
8444
8445
8453
8456
8463
8469
8469
8477
8479
8482
8482
8482
8483
8485
8488
8492
8493
8499
8501
8507
8513
8513
8516
8522
8530
8531
8542
8551
8551
8557
8569
8571
8573
8577
8577
8580
8586
8588
8593
8596
8597
8601
8606
8612
8618
8619
8619
8625
8629
8630
8637
8644
8649
8650
8650
8651
8651
8652
8654
8660
8660
8663
8664
8665
8668
8677
8681
8686
8689
8690
8709
8710
8720
8730
8731
8745
8747
8756
8759
8762
8764
8769
8773
8779
8786
8788
8791
8796
8805
8812
8815
8819
8819
8840
8842
8844
8846
8848
8850
8854
8858
8866
8868
8870
8876
8885
8889
8891
8900
8901
8902
8906
8910
8916
8923
8924
8924
8925
8928
8931
8936
8940
8943
8945
8953
8958
8965
8972
8973
8973
8978
8986
8988
8989
9004
9007
9010
9010
9011
9013
9016
9032
9035
9042
9044
9054
9065
9074
9074
9077
9081
9090
9101
9103
9105
9107
9108
9114
9114
9116
9116
9118
9123
9128
9133
9136
9140
9146
9150
9151
9152
9159
9163
9164
9165
9167
9167
9185
9195
9200
9207
9210
9213
9224
9225
9233
9236
9236
9237
9247
9253
9253
9257
9258
9260
9262
9266
9268
9281
9283
9292
9296
9298
9298
9301
9310
9310
9315
9315
9316
9320
9320
9329
9330
9331
9332
9337
9337
9338
9338
9338
9341
9344
9346
9350
9352
9360
9366
9374
9375
9381
9385
9393
9393
9400
9403
9404
9408
9412
9413
9414
9420
9423
9430
9436
9437
9437
9439
9443
9448
9451
9460
9462
9464
9466
9471
9472
9473
9477
9483
9493
9493
9497
9502
9503
9507
9514
9516
9520
9523
9526
9528
9529
9539
9540
9546
9552
9553
9558
9561
9563
9569
9569
9570
9572
9580
9597
9603
9607
9615
9626
9632
9643
9644
9653
9659
9667
9668
9670
9682
9682
9683
9688
9690
9696
9696
9697
9699
9700
9701
9706
9714
9721
9723
9730
9733
9738
9739
9742
9749
9749
9762
9763
9767
9773
9777
9782
9782
9790
9791
9800
9807
9808
9813
9818
9822
9826
9829
9842
9848
9849
9853
9856
9859
9861
9864
9864
9871
9878
9885
9891
9891
9896
9898
9900
9901
9908
9912
9913
9915
9923
9927
9929
9934
9937
9945
9953
9956
9961
9965
9967
9970
9977
9989
9991
10000
10003
10003
10003
10003
10012
10014
10020
10024
10030
10032
10037
10044
10045
10046
10055
10060
10063
10064
10065
10068
10071
10073
10085
10086
10089
10100
10115
10118
10119
10120
10122
10123
10123
10125
10136
10138
10145
10145
10150
10150
10154
10155
10165
10169
10171
10175
10179
10183
10190
10191
10191
10198
10199
10200
10207
10207
10207
10213
10217
10217
10220
10221
10227
10228
10233
10241
10246
10255
10262
10266
10267
10271
10275
10278
10281
10290
10296
10300
10306
10307
10309
10313
10318
10318
10322
10322
10324
10327
10328
10330
10334
10340
10349
10354
10355
10358
10361
10379
10387
10397
10402
10408
10412
10422
10425
10428
10434
10445
10460
10463
10466
10468
10473
10478
10481
10482
10486
10487
10491
10494
10495
10498
10503
10507
10508
10511
10513
10514
10526
10528
10529
10531
10536
10550
10550
10553
10562
10572
10578
10580
10582
10584
10589
10590
10594
10598
10602
10607
10607
10615
10616
10616
10618
10621
10629
10630
10634
10638
10643
10643
10647
10647
10647
10650
10652
10655
10658
10665
10669
10671
10676
10676
10677
10679
10685
10697
10697
10702
10704
10704
10710
10713
10717
10727
10731
10738
10739
10742
10746
10754
10759
10759
10762
10766
10766
10767
10772
10773
10779
10780
10784
10789
10790
10800
10804
10808
10810
10814
10819
10829
10838
10841
10850
10853
10855
10861
10864
10865
10870
10870
10871
10873
10880
10882
10885
10889
10889
10890
10892
10894
10896
10917
10919
10926
10930
10933
10933
10934
10935
10938
10940
10945
10945
10960
10963
10969
10970
10974
10978
10982
10983
10987
10990
10992
10993
10995
10995
11006
11013
11017
11017
11019
11023
11030
11031
11031
11035
11036
11037
11038
11039
11041
11043
11045
11047
11048
11052
11053
11066
11076
11077
11081
11084
11091
11094
11100
11104
11115
11120
11120
11121
11123
11124
11125
11127
11129
11130
11130
11133
11134
11134
11137
11141
11155
11155
11158
11158
11159
11164
11164
11167
11177
11177
11181
11188
11188
11191
11194
11195
11199
11200
11202
11204
11207
11211
11213
11213
11216
11221
11222
11225
11227
11227
11228
11230
11232
11232
11236
11237
11243
11244
11245
11246
11247
11248
11248
11252
11252
11254
11259
11265
11270
11278
11279
11280
11282
11282
11284
11285
11287
11289
11299
11303
11306
11306
11307
11318
11320
11324
11326
11328
11330
11339
11347
11352
11355
11356
11357
11358
11365
11365
11365
11372
11374
11377
11377
11378
11378
11382
11382
11386
11388
11392
11392
11407
11407
11411
11420
11427
11429
11452
11465
11466
11470
11470
11473
11479
11483
11490
11501
11509
11509
11512
11515
11518
11520
11520
11528
11538
11539
11541
11541
11548
11553
11556
11556
11557
11562
11564
11565
11568
11577
11578
11580
11581
11582
11582
11583
11592
11592
11596
11607
11610
11611
11611
11612
11612
11625
11631
11635
11637
11644
11644
11650
11651
11654
11655
11657
11658
11671
11673
11674
11676
11678
11690
11696
11698
11702
11704
11707
11711
11712
11721
11726
11731
11732
11732
11734
11738
11747
11749
11753
11757
11763
11765
11768
11779
11782
11791
11794
11795
11796
11796
11798
11805
11815
11816
11817
11818
11820
11821
11828
11843
11845
11848
11849
11855
11857
11858
11860
11885
11886
11887
11897
11905
11905
11906
11927
11930
11931
11944
11944
11955
11957
11958
11960
11970
11973
11975
11978
11990
11993
11994
12007
12016
12022
12023
12026
12027
12029
12029
12035
12039
12041
12041
12048
12055
12056
12056
12056
12057
12063
12073
12074
12084
12084
12086
12087
12099
12106
12106
12108
12112
12112
12113
12115
12116
12117
12123
12125
12125
12128
12132
12135
12138
12141
12154
12154
12166
12167
12169
12171
12176
12177
12177
12184
12189
12192
12192
12195
12200
12209
12211
12212
12216
12220
12227
12228
12234
12237
12241
12244
12247
12251
12257
12258
12263
12269
12276
12277
12277
12285
12293
12294
12294
12300
12307
12307
12308
12314
12322
12328
12329
12332
12332
12335
12338
12338
12343
12348
12352
12354
12355
12363
12365
12365
12368
12375
12386
12387
12394
12402
12406
12408
12411
12412
12418
12423
12425
12426
12427
12431
12441
12445
12447
12449
12459
12473
12473
12474
12474
12475
12478
12486
12489
12496
12500
12506
12511
12513
12520
12529
12530
12531
12531
12533
12533
12546
12548
12551
12557
12558
12559
12565
12565
12565
12565
12566
12571
12579
12579
12581
12588
12601
12603
12608
12608
12616
12618
12620
12620
12624
12625
12627
12629
12630
12636
12638
12642
12648
12652
12657
12659
12665
12676
12688
12702
12703
12704
12707
12714
12714
12716
12719
12728
12728
12738
12738
12749
12750
12756
12756
12758
12770
12775
12792
12800
12801
12801
12814
12815
12816
12826
12833
12834
12835
12837
12838
12839
12845
12846
12848
12854
12869
12878
12882
12882
12882
12888
12888
12894
12896
12898
12907
12917
12922
12926
12927
12931
12931
12931
12933
12935
12956
12957
12959
12966
12973
12978
12980
12983
12983
12986
12986
12987
12989
12991
12991
12997
13002
13007
13010
13012
13017
13019
13019
13032
13042
13042
13047
13050
13065
13070
13080
13081
13085
13087
13087
13090
13094
13109
13109
13112
13122
13124
13124
13126
13130
13134
13137
13139
13139
13143
13144
13148
13154
13163
13164
13165
13166
13170
13171
13174
13174
13184
13191
13198
13206
13209
13217
13221
13224
13224
13227
13227
13229
13234
13241
13242
13244
13245
13252
13253
13254
13258
13260
13261
13263
13264
13265
13269
13275
13275
13277
13280
13281
13282
13284
13286
13286
13288
13290
13293
13304
13304
13311
13314
13326
13328
13330
13345
13349
13350
13351
13355
13358
13359
13362
13366
13375
13378
13380
13405
13406
13412
13418
13421
13423
13425
13437
13441
13442
13446
13447
13448
13450
13451
13453
13455
13455
13458
13463
13472
13473
13479
13483
13484
13486
13487
13489
13490
13495
13504
13508
13511
13514
13517
13522
13523
13524
13530
13537
13546
13546
13547
13551
13553
13554
13557
13559
13559
13560
13563
13564
13571
13572
13573
13575
13575
13577
13582
13586
13587
13593
13600
13606
13609
13610
13614
13615
13620
13625
13626
13626
13626
13634
13634
13637
13638
13648
13649
13649
13653
13657
13658
13659
13663
13664
13664
13671
13674
13684
13688
13690
13690
13690
13696
13696
13697
13720
13721
13723
13730
13738
13738
13740
13742
13747
13749
13755
13755
13761
13761
13770
13785
13786
13789
13789
13795
13802
13804
13805
13807
13808
13809
13809
13814
13816
13818
13818
13825
13852
13872
13875
13883
13896
13902
13905
13915
13931
13934
13936
13938
13947
13950
13953
13963
13964
13965
13967
13973
13976
13980
13983
13989
14019
14021
14021
14023
14023
14031
14033
14038
14040
14043
14053
14057
14061
14069
14075
14080
14080
14082
14083
14085
14088
14088
14095
14098
14105
14107
14112
14113
14125
14129
14134
14144
14155
14159
14169
14171
14185
14185
14192
14198
14198
14199
14203
14205
14205
14209
14230
14232
14234
14236
14238
14241
14254
14254
14264
14269
14282
14288
14288
14289
14294
14304
14305
14305
14305
14309
14310
14311
14320
14322
14322
14329
14337
14341
14342
14343
14353
14358
14360
14361
14364
14369
14370
14373
14373
14374
14377
14379
14379
14385
14385
14389
14390
14403
14421
14430
14432
14435
14442
14446
14449
14457
14458
14460
14467
14470
14471
14472
14474
14480
14483
14484
14488
14489
14495
14496
14497
14498
14505
14508
14511
14512
14514
14519
14527
14536
14538
14544
14550
14550
14552
14554
14558
14559
14563
14584
14584
14586
14592
14592
14592
14599
14601
14602
14615
14616
14616
14620
14621
14624
14630
14647
14660
14666
14667
14669
14669
14671
14675
14679
14682
14696
14697
14699
14716
14720
14724
14733
14740
14741
14741
14747
14751
14753
14754
14757
14761
14766
14767
14772
14788
14789
14790
14792
14794
14794
14817
14820
14824
14824
14827
14827
14830
14832
14844
14847
14855
14856
14859
14860
14862
14863
14864
14865
14865
14871
14879
14883
14889
14892
14894
14896
14900
14900
14903
14904
14906
14909
14910
14911
14912
14920
14923
14928
14929
14929
14945
14946
14948
14954
14956
14957
14959
14959
14960
14961
14962
14969
14970
14982
14983
14987
14988
14990
14991
14992
14993
15000
15002
15020
15024
15031
15031
15034
15048
15048
15048
15050
15051
15061
15065
15066
15071
15078
15084
15088
15091
15093
15098
15103
15105
15106
15115
15116
15119
15120
15121
15123
15133
15140
15141
15144
15151
15160
15166
15172
15173
15173
15174
15180
15181
15182
15188
15190
15192
15205
15208
15209
15212
15226
15228
15228
15229
15232
15238
15243
15243
15243
15249
15249
15262
15264
15268
15270
15272
15275
15276
15279
15280
15284
15285
15287
15287
15293
15293
15295
15302
15303
15303
15307
15308
15309
15314
15326
15326
15334
15337
15339
15342
15352
15354
15357
15357
15357
15383
15389
15391
15395
15402
15414
15418
15419
15428
15430
15431
15435
15437
15438
15445
15449
15452
15458
15460
15460
15461
15462
15469
15470
15471
15471
15476
15476
15478
15479
15484
15487
15493
15502
15519
15521
15525
15526
15530
15531
15536
15538
15541
15545
15546
15549
15552
15560
15562
15563
15566
15567
15569
15570
15572
15578
15579
15591
15599
15601
15605
15612
15617
15618
15619
15630
15631
15635
15637
15644
15651
15655
15659
15661
15667
15673
15676
15685
15689
15694
15696
15698
15711
15717
15717
15717
15718
15722
15732
15739
15750
15751
15756
15758
15761
15761
15765
15768
15777
15784
15786
15789
15793
15793
15794
15797
15799
15802
15814
15826
15827
15832
15835
15836
15841
15843
15843
15844
15850
15850
15854
15882
15883
15884
15889
15890
15894
15897
15898
15898
15903
15903
15904
15907
15910
15920
15926
15930
15936
15937
15938
15941
15943
15946
15949
15956
15961
15975
15996
16000
16004
16007
16010
16011
16015
16025
16042
16044
16046
16052
16053
16055
16064
16064
16068
16072
16073
16073
16078
16078
16091
16093
16096
16100
16101
16103
16105
16107
16124
16127
16136
16141
16156
16165
16172
16174
16181
16181
16188
16188
16191
16193
16197
16204
16204
16206
16207
16216
16220
16228
16229
16236
16238
16243
16246
16247
16252
16255
16256
16257
16257
16271
16275
16277
16280
16282
16289
16294
16294
16296
16297
16310
16312
16314
16316
16322
16329
16331
16334
16338
16341
16345
16349
16357
16363
16369
16369
16370
16382
16384
16402
16405
16409
16413
16414
16426
16431
16432
16433
16438
16442
16445
16472
16485
16494
16499
16499
16502
16514
16514
16516
16518
16523
16525
16535
16538
16540
16541
16544
16550
16552
16552
16557
16565
16579
16579
16582
16586
16589
16590
16598
16601
16605
16609
16612
16614
16619
16623
16626
16629
16636
16638
16641
16644
16645
16645
16658
16659
16668
16669
16670
16670
16673
16674
16676
16681
16689
16690
16693
16695
16701
16701
16703
16705
16708
16709
16709
16715
16718
16723
16724
16726
16728
16731
16732
16735
16737
16745
16746
16759
16767
16770
16775
16777
16782
16784
16794
16797
16801
16807
16819
16819
16831
16832
16833
16835
16835
16836
16838
16839
16847
16847
16847
16848
16851
16856
16859
16862
16872
16873
16874
16876
16878
16881
16889
16903
16907
16910
16913
16917
16918
16924
16933
16935
16938
16939
16942
16944
16946
16950
16954
16966
16979
16981
16984
16985
16986
17000
17004
17011
17012
17014
17019
17020
17024
17028
17040
17042
17050
17069
17071
17079
17082
17089
17091
17104
17105
17107
17121
17126
17127
17131
17134
17134
17138
17138
17139
17140
17142
17142
17143
17150
17151
17153
17156
17156
17161
17161
17164
17165
17166
17170
17170
17174
17175
17177
17178
17183
17185
17187
17187
17187
17189
17194
17196
17203
17209
17222
17233
17234
17236
17238
17243
17247
17253
17254
17257
17259
17263
17269
17271
17275
17281
17286
17288
17289
17289
17289
17290
17291
17299
17301
17305
17308
17316
17324
17327
17329
17329
17331
17336
17348
17352
17360
17361
17369
17370
17376
17376
17377
17379
17379
17382
17383
17388
17396
17397
17399
17404
17418
17419
17423
17424
17427
17450
17453
17458
17464
17476
17478
17479
17479
17479
17482
17483
17485
17491
17499
17499
17502
17505
17510
17524
17527
17529
17529
17529
17537
17539
17545
17549
17553
17565
17567
17568
17568
17574
17580
17582
17583
17587
17591
17594
17596
17600
17604
17610
17615
17620
17620
17629
17638
17640
17642
17643
17648
17649
17655
17656
17660
17662
17662
17666
17668
17673
17676
17684
17687
17687
17695
17695
17696
17701
17708
17710
17724
17725
17732
17735
17738
17743
17745
17751
17752
17752
17755
17760
17761
17763
17767
17771
17784
17796
17808
17816
17819
17821
17826
17841
17842
17849
17854
17858
17870
17877
17893
17897
17912
17918
17930
17930
17932
17933
17945
17946
17953
17956
17966
17971
17972
17973
17987
17991
17998
18002
18009
18014
18015
18017
18017
18019
18020
18024
18034
18038
18040
18050
18051
18051
18057
18063
18065
18065
18066
18066
18070
18071
18072
18072
18075
18076
18086
18088
18094
18095
18105
18107
18117
18126
18128
18135
18135
18137
18144
18148
18148
18157
18166
18172
18173
18182
18182
18184
18190
18193
18194
18195
18204
18208
18209
18210
18221
18226
18230
18233
18233
18234
18237
18239
18250
18252
18260
18266
18274
18284
18285
18286
18290
18290
18293
18297
18297
18298
18303
18311
18318
18320
18320
18321
18325
18325
18330
18333
18337
18341
18342
18343
18347
18348
18353
18353
18362
18363
18366
18367
18373
18378
18380
18380
18382
18382
18383
18384
18385
18399
18400
18400
18402
18406
18408
18422
18430
18431
18431
18437
18441
18457
18458
18464
18473
18476
18477
18480
18480
18481
18481
18501
18504
18505
18507
18507
18513
18514
18521
18527
18531
18535
18549
18550
18552
18555
18558
18563
18568
18579
18580
18585
18599
18607
18607
18616
18622
18624
18629
18630
18633
18636
18636
18637
18639
18642
18646
18649
18667
18667
18677
18683
18698
18702
18704
18712
18714
18717
18731
18735
18738
18738
18746
18749
18751
18757
18758
18760
18763
18767
18772
18774
18782
18787
18794
18795
18798
18799
18800
18801
18804
18813
18814
18817
18825
18828
18830
18835
18835
18836
18842
18844
18848
18849
18853
18857
18859
18874
18881
18882
18888
18894
18895
18899
18900
18901
18903
18913
18914
18914
18917
18919
18922
18923
18923
18931
18936
18937
18937
18937
18939
18939
18939
18939
18942
18946
18946
18949
18955
18960
18963
18963
18964
18978
18986
18997
18997
18997
18998
19001
19006
19007
19009
19015
19020
19021
19025
19025
19027
19028
19030
19033
19043
19045
19055
19057
19059
19065
19075
19078
19080
19080
19082
19086
19087
19089
19090
19094
19098
19102
19106
19108
19110
19113
19118
19131
19132
19132
19135
19138
19139
19155
19160
19165
19173
19175
19176
19182
19183
19191
19194
19199
19199
19202
19202
19222
19223
19224
19232
19234
19235
19237
19239
19241
19252
19260
19263
19264
19269
19270
19272
19272
19277
19281
19288
19293
19296
19303
19308
19327
19330
19332
19339
19342
19343
19347
19356
19366
19366
19369
19374
19376
19385
19386
19393
19395
19397
19412
19419
19422
19422
19426
19437
19437
19440
19444
19449
19450
19451
19452
19453
19456
19456
19466
19471
19472
19490
19502
19509
19515
19521
19528
19528
19529
19532
19550
19551
19553
19553
19570
19570
19572
19575
19586
19593
19596
19599
19600
19607
19611
19613
19613
19620
19622
19624
19625
19631
19632
19633
19635
19637
19640
19641
19643
19645
19651
19657
19658
19661
19662
19664
19671
19671
19675
19681
19684
19684
19685
19686
19699
19701
19701
19705
19705
19706
19711
19714
19716
19721
19727
19727
19731
19733
19740
19743
19747
19749
19751
19754
19755
19766
19775
19781
19790
19790
19791
19795
19798
19798
19799
19800
19803
19810
19812
19820
19821
19824
19825
19830
19830
19830
19832
19832
19836
19837
19849
19851
19856
19856
19863
19866
19867
19869
19869
19871
19873
19879
19881
19884
19886
19891
19895
19896
19896
19915
19917
19923
19923
19925
19930
19930
19931
19934
19940
19941
19944
19951
19957
19962
19966
19973
19976
19981
19984
19985
19990
19993
19997
20002
20011
20012
20014
20020
20032
20032
20036
20042
20049
20051
20052
20068
20069
20072
20082
20089
20090
20102
20103
20104
20107
20111
20112
20115
20134
20134
20136
20144
20153
20158
20160
20161
20161
20169
20170
20170
20170
20171
20177
20184
20188
20192
20193
20196
20200
20203
20206
20221
20231
20239
20240
20245
20249
20254
20256
20266
20267
20269
20284
20298
20299
20305
20306
20309
20314
20321
20323
20334
20341
20341
20345
20345
20349
20355
20369
20369
20371
20372
20375
20378
20382
20384
20384
20386
20387
20394
20397
20398
20400
20402
20403
20408
20408
20410
20415
20418
20420
20424
20436
20437
20445
20448
20451
20455
20460
20462
20462
20465
20470
20472
20473
20474
20478
20480
20483
20484
20506
20506
20514
20516
20521
20525
20527
20530
20533
20536
20537
20540
20543
20546
20548
20548
20557
20566
20566
20567
20569
20571
20573
20582
20586
20586
20587
20588
20591
20599
20602
20603
20611
20612
20614
20619
20626
20627
20636
20636
20637
20644
20645
20664
20664
20667
20668
20675
20682
20682
20688
20696
20711
20711
20713
20714
20721
20724
20727
20742
20757
20762
20775
20804
20804
20806
20808
20818
20820
20827
20835
20841
20844
20854
20864
20882
20885
20885
20888
20896
20899
20901
20901
20901
20910
20911
20912
20914
20927
20930
20930
20933
20934
20934
20936
20937
20941
20943
20945
20950
20952
20958
20965
20967
20976
20986
20986
20988
20992
20999
21007
21007
21015
21021
21026
21034
21047
21049
21054
21056
21056
21058
21061
21062
21065
21065
21074
21082
21083
21088
21094
21097
21099
21101
21101
21107
21113
21114
21116
21121
21124
21125
21136
21136
21143
21150
21155
21156
21160
21161
21163
21167
21169
21175
21180
21189
21196
21208
21213
21213
21218
21220
21222
21225
21226
21226
21228
21249
21255
21257
21261
21262
21265
21268
21270
21271
21274
21275
21275
21277
21278
21278
21281
21284
21285
21288
21289
21302
21318
21318
21318
21321
21337
21339
21344
21346
21349
21356
21357
21362
21362
21363
21367
21368
21375
21376
21386
21390
21390
21390
21394
21395
21399
21407
21407
21421
21453
21455
21458
21459
21463
21466
21467
21468
21469
21469
21471
21473
21473
21474
21477
21485
21486
21493
21502
21503
21504
21509
21510
21510
21524
21526
21543
21543
21549
21554
21559
21560
21568
21570
21570
21572
21573
21573
21586
21594
21596
21603
21606
21611
21618
21623
21636
21641
21643
21652
21661
21661
21668
21676
21676
21678
21680
21682
21683
21685
21685
21687
21696
21703
21706
21715
21724
21727
21731
21731
21732
21743
21744
21746
21750
21755
21769
21770
21771
21774
21774
21775
21776
21778
21778
21780
21781
21781
21794
21815
21823
21829
21835
21839
21839
21841
21842
21853
21856
21857
21862
21864
21866
21869
21869
21872
21880
21881
21881
21882
21884
21895
21899
21906
21910
21914
21923
21926
21928
21931
21932
21934
21936
21942
21945
21945
21948
21951
21954
21963
21964
21966
21971
21972
21974
21979
21991
22000
22011
22014
22020
22024
22029
22037
22039
22041
22048
22049
22049
22054
22059
22071
22072
22076
22076
22077
22081
22084
22084
22084
22087
22088
22090
22093
22098
22098
22100
22104
22123
22127
22127
22129
22142
22144
22146
22146
22149
22149
22151
22152
22152
22159
22161
22164
22166
22170
22170
22177
22178
22184
22184
22187
22195
22195
22196
22196
22198
22201
22202
22204
22206
22206
22212
22219
22223
22229
22235
22241
22248
22248
22249
22250
22255
22262
22264
22264
22269
22283
22289
22301
22306
22311
22325
22328
22329
22337
22340
22341
22344
22346
22351
22355
22362
22370
22371
22371
22372
22376
22379
22387
22390
22390
22394
22396
22402
22406
22419
22420
22457
22464
22464
22468
22473
22479
22480
22493
22493
22503
22507
22508
22509
22512
22512
22513
22515
22518
22521
22528
22534
22535
22536
22541
22548
22551
22555
22555
22556
22566
22575
22589
22591
22593
22600
22603
22604
22608
22611
22613
22615
22617
22618
22619
22627
22628
22629
22635
22638
22654
22666
22670
22675
22699
22703
22703
22706
22707
22717
22717
22729
22730
22732
22741
22741
22745
22745
22747
22748
22751
22757
22758
22758
22759
22763
22764
22768
22769
22783
22787
22803
22805
22811
22815
22818
22826
22841
22841
22843
22844
22846
22852
22854
22855
22855
22860
22861
22861
22863
22867
22867
22873
22876
22878
22878
22883
22887
22888
22888
22888
22889
22891
22892
22901
22910
22914
22917
22922
22922
22923
22925
22932
22936
22938
22939
22951
22951
22953
22962
22968
22968
22972
22974
22976
22983
22987
22988
22991
22992
22996
22997
23001
23004
23010
23011
23014
23016
23018
23022
23026
23030
23037
23042
23046
23049
23051
23055
23058
23061
23066
23072
23075
23076
23076
23081
23084
23088
23092
23095
23096
23098
23101
23101
23106
23107
23110
23117
23118
23121
23122
23124
23129
23130
23133
23134
23138
23139
23142
23143
23145
23150
23153
23185
23185
23189
23197
23204
23210
23217
23220
23227
23239
23239
23241
23246
23249
23255
23262
23266
23271
23278
23278
23280
23282
23286
23286
23293
23294
23295
23299
23304
23312
23314
23315
23323
23328
23329
23333
23334
23338
23338
23345
23347
23364
23365
23365
23368
23373
23374
23378
23380
23386
23387
23391
23392
23393
23416
23417
23419
23420
23426
23435
23436
23443
23444
23452
23459
23459
23469
23478
23481
23484
23488
23500
23505
23512
23514
23515
23521
23521
23532
23535
23546
23547
23547
23559
23563
23570
23576
23586
23602
23605
23606
23611
23616
23616
23618
23621
23622
23622
23623
23628
23628
23648
23649
23652
23654
23655
23663
23663
23669
23670
23681
23690
23696
23702
23705
23709
23710
23711
23714
23719
23720
23728
23729
23747
23750
23755
23757
23758
23764
23765
23772
23783
23786
23790
23792
23796
23802
23806
23811
23812
23814
23815
23817
23827
23828
23829
23829
23829
23829
23840
23844
23847
23851
23853
23854
23859
23862
23865
23865
23866
23868
23873
23873
23874
23877
23884
23885
23889
23890
23891
23897
23898
23900
23904
23905
23913
23916
23919
23935
23935
23938
23941
23952
23955
23958
23970
23975
23976
23976
23979
23982
23986
23988
23991
23995
23998
24002
24008
24013
24018
24023
24036
24041
24044
24055
24064
24073
24081
24081
24081
24087
24095
24100
24102
24103
24112
24114
24123
24124
24124
24126
24133
24136
24137
24142
24143
24145
24145
24147
24152
24158
24164
24168
24177
24188
24189
24197
24203
24207
24207
24211
24214
24219
24220
24225
24227
24235
24245
24247
24248
24251
24253
24256
24257
24259
24263
24277
24277
24283
24284
24289
24295
24298
24299
24300
24302
24304
24305
24307
24319
24322
24327
24328
24330
24348
24348
24349
24360
24360
24363
24365
24366
24385
24389
24390
24394
24398
24401
24401
24403
24406
24407
24412
24413
24418
24419
24427
24436
24436
24442
24443
24446
24453
24456
24462
24474
24479
24480
24482
24486
24490
24490
24491
24494
24499
24500
24501
24502
24505
24517
24537
24545
24549
24554
24558
24569
24572
24573
24574
24574
24579
24581
24585
24586
24586
24588
24591
24598
24600
24600
24600
24602
24602
24603
24603
24607
24607
24607
24608
24612
24615
24618
24623
24623
24627
24627
24628
24635
24642
24645
24658
24658
24659
24663
24673
24676
24676
24681
24685
24695
24696
24707
24707
24709
24710
24710
24711
24717
24719
24731
24732
24734
24736
24739
24741
24747
24747
24748
24759
24764
24770
24773
24778
24780
24796
24798
24799
24806
24808
24812
24813
24827
24827
24829
24833
24835
24837
24844
24846
24847
24848
24849
24850
24850
24858
24858
24863
24875
24876
24881
24888
24892
24895
24898
24899
24901
24901
24901
24902
24906
24911
24913
24915
24919
24919
24922
24926
24929
24933
24938
24942
24947
24950
24950
24952
24959
24967
24967
24978
24981
24984
24986
24988
24992
24996
25007
25015
25019
25020
25022
25026
25030
25037
25038
25040
25048
25053
25059
25062
25065
25074
25076
25078
25083
25085
25085
25085
25091
25092
25096
25112
25112
25114
25116
25131
25131
25132
25139
25141
25145
25146
25147
25154
25156
25167
25175
25178
25188
25190
25196
25206
25211
25218
25218
25220
25230
25231
25234
25236
25240
25244
25252
25255
25261
25266
25267
25269
25281
25282
25296
25301
25313
25314
25319
25328
25337
25342
25346
25352
25363
25380
25384
25384
25391
25393
25400
25400
25402
25404
25417
25423
25424
25431
25434
25437
25439
25440
25442
25449
25450
25453
25455
25464
25467
25472
25474
25486
25488
25488
25494
25495
25501
25503
25505
25509
25511
25518
25524
25526
25526
25527
25527
25530
25533
25533
25533
25537
25540
25545
25548
25569
25577
25585
25585
25592
25592
25592
25593
25598
25606
25611
25616
25621
25623
25623
25628
25629
25633
25638
25640
25642
25644
25647
25648
25649
25650
25659
25661
25669
25669
25674
25680
25690
25694
25698
25704
25708
25708
25709
25709
25712
25713
25720
25720
25722
25729
25731
25735
25736
25738
25739
25755
25757
25758
25760
25761
25768
25770
25772
25776
25780
25791
25792
25792
25798
25809
25812
25816
25819
25820
25821
25832
25833
25834
25838
25842
25848
25849
25867
25869
25869
25869
25876
25880
25886
25894
25900
25901
25901
25902
25904
25905
25905
25906
25908
25908
25915
25916
25921
25924
25925
25932
25937
25938
25944
25947
25956
25969
25970
25973
25974
25975
25994
26003
26017
26030
26032
26035
26041
26049
26052
26055
26055
26063
26071
26072
26078
26080
26083
26089
26089
26089
26095
26097
26104
26113
26115
26115
26127
26130
26131
26134
26134
26143
26146
26147
26147
26147
26152
26162
26164
26165
26182
26186
26193
26193
26195
26199
26200
26202
26202
26207
26207
26208
26210
26215
26221
26224
26226
26227
26228
26231
26237
26246
26253
26256
26261
26274
26281
26297
26305
26311
26313
26315
26317
26317
26320
26324
26327
26328
26334
26335
26335
26340
26340
26344
26361
26361
26370
26372
26374
26378
26385
26390
26398
26404
26414
26416
26416
26418
26418
26419
26431
26434
26435
26437
26437
26447
26449
26451
26457
26457
26458
26465
26469
26473
26474
26478
26482
26485
26493
26495
26503
26510
26515
26518
26527
26529
26531
26536
26536
26537
26544
26550
26551
26552
26553
26556
26559
26561
26562
26565
26567
26568
26569
26572
26580
26587
26597
26598
26601
26624
26629
26631
26634
26637
26638
26641
26659
26661
26666
26667
26672
26673
26674
26675
26688
26690
26690
26701
26715
26716
26731
26735
26737
26737
26743
26747
26748
26752
26753
26760
26764
26770
26781
26790
26791
26795
26798
26799
26800
26803
26806
26809
26809
26811
26813
26817
26818
26822
26830
26832
26835
26838
26838
26850
26856
26857
26857
26858
26859
26865
26870
26870
26884
26885
26887
26893
26902
26902
26905
26907
26911
26915
26922
26926
26927
26927
26931
26937
26944
26945
26945
26953
26958
26962
26963
26965
26966
26971
26975
26977
26980
26988
26990
27008
27011
27014
27016
27021
27023
27030
27031
27035
27042
27052
27055
27056
27058
27059
27063
27063
27068
27070
27071
27076
27080
27081
27083
27084
27084
27087
27090
27102
27103
27105
27108
27109
27110
27117
27118
27124
27129
27131
27137
27139
27141
27142
27144
27146
27148
27152
27165
27172
27181
27190
27190
27197
27200
27203
27204
27212
27220
27221
27221
27229
27229
27232
27234
27240
27248
27249
27253
27256
27259
27273
27277
27279
27281
27283
27292
27297
27297
27301
27316
27316
27319
27324
27324
27337
27338
27339
27343
27352
27360
27377
27378
27389
27390
27397
27401
27401
27402
27420
27422
27423
27424
27424
27424
27427
27428
27431
27432
27439
27441
27448
27462
27472
27473
27478
27486
27497
27503
27505
27505
27505
27512
27513
27513
27516
27516
27518
27522
27529
27530
27543
27552
27557
27578
27580
27581
27585
27591
27593
27595
27597
27598
27601
27602
27604
27607
27619
27621
27626
27633
27633
27635
27635
27638
27652
27657
27658
27665
27681
27681
27691
27693
27695
27703
27713
27718
27719
27725
27726
27735
27742
27742
27743
27745
27748
27750
27754
27762
27764
27767
27769
27771
27779
27780
27783
27784
27787
27790
27801
27802
27804
27808
27814
27820
27824
27833
27849
27852
27858
27861
27866
27868
27869
27869
27874
27875
27875
27875
27881
27881
27884
27886
27888
27894
27904
27907
27909
27912
27918
27918
27918
27919
27933
27934
27935
27943
27946
27952
27955
27955
27960
27966
27966
27967
27968
27970
27989
27994
27995
27995
27997
28001
28002
28015
28019
28032
28036
28040
28042
28049
28057
28058
28058
28061
28064
28073
28073
28074
28078
28079
28082
28083
28084
28085
28087
28091
28093
28095
28096
28097
28105
28107
28112
28115
28117
28131
28133
28133
28135
28142
28148
28149
28150
28154
28157
28164
28170
28170
28173
28176
28176
28177
28178
28181
28181
28182
28185
28185
28193
28194
28198
28199
28208
28217
28221
28233
28234
28241
28254
28255
28259
28271
28275
28276
28282
28284
28289
28291
28293
28294
28296
28301
28312
28319
28319
28319
28322
28327
28327
28328
28334
28338
28344
28350
28356
28361
28367
28368
28372
28374
28379
28380
28381
28382
28383
28385
28385
28390
28391
28398
28412
28412
28414
28421
28421
28425
28435
28435
28440
28442
28443
28446
28452
28456
28459
28460
28477
28483
28485
28485
28488
28491
28502
28508
28510
28515
28518
28521
28528
28536
28537
28537
28538
28539
28542
28552
28560
28561
28561
28563
28564
28572
28572
28574
28575
28576
28578
28580
28580
28584
28589
28590
28592
28598
28599
28602
28605
28605
28605
28608
28609
28615
28615
28617
28620
28622
28629
28633
28633
28636
28636
28653
28654
28657
28662
28663
28667
28671
28676
28684
28687
28691
28698
28699
28701
28704
28705
28714
28715
28716
28716
28718
28731
28732
28739
28742
28748
28752
28752
28753
28755
28765
28774
28782
28798
28805
28810
28813
28816
28825
28830
28839
28845
28853
28858
28860
28862
28874
28876
28880
28881
28882
28883
28884
28892
28898
28902
28903
28905
28905
28915
28915
28917
28919
28923
28927
28928
28935
28938
28949
28952
28954
28957
28957
28973
28975
28978
28979
28980
28982
28987
28987
28991
28994
28996
29002
29003
29005
29005
29007
29009
29013
29014
29014
29016
29016
29020
29029
29029
29041
29041
29043
29053
29054
29068
29068
29072
29076
29084
29087
29089
29089
29099
29099
29102
29107
29110
29112
29113
29115
29118
29120
29123
29123
29127
29127
29129
29133
29136
29138
29139
29142
29152
29154
29157
29164
29165
29165
29167
29168
29173
29183
29190
29193
29194
29196
29202
29208
29215
29215
29216
29218
29225
29226
29250
29259
29261
29266
29283
29285
29286
29293
29296
29301
29303
29306
29307
29309
29312
29312
29313
29316
29317
29320
29321
29323
29326
29332
29333
29334
29345
29350
29350
29357
29359
29362
29381
29383
29386
29394
29394
29398
29403
29404
29408
29410
29426
29434
29439
29440
29445
29447
29452
29461
29464
29475
29476
29478
29479
29482
29482
29487
29488
29491
29503
29506
29510
29511
29516
29520
29521
29527
29529
29532
29533
29535
29537
29543
29547
29552
29553
29554
29558
29562
29564
29564
29565
29566
29570
29571
29572
29575
29575
29579
29582
29583
29585
29586
29588
29588
29591
29594
29603
29604
29605
29619
29621
29633
29635
29637
29641
29652
29655
29656
29661
29662
29665
29666
29668
29671
29677
29681
29689
29691
29698
29699
29717
29717
29722
29724
29729
29733
29734
29734
29743
29743
29744
29744
29748
29749
29750
29756
29762
29764
29765
29768
29780
29783
29784
29785
29787
29791
29791
29791
29794
29801
29801
29805
29813
29816
29819
29826
29839
29840
29842
29848
29849
29849
29850
29854
29855
29856
29859
29859
29870
29874
29874
29876
29878
29891
29893
29895
29907
29908
29908
29911
29915
29922
29925
29925
29926
29926
29928
29928
29934
29935
29936
29942
29945
29946
29949
29957
29961
29961
29966
29967
29971
29972
29973
29974
29977
29978
29981
29987
29992
29992
29997
30000
30004
30005
30009
30014
30019
30024
30024
30031
30034
30036
30043
30049
30057
30064
30071
30071
30071
30073
30076
30081
30083
30084
30084
30089
30091
30101
30103
30105
30113
30120
30128
30129
30129
30130
30133
30136
30137
30137
30138
30143
30144
30146
30150
30153
30160
30172
30173
30178
30180
30194
30197
30207
30212
30219
30222
30231
30231
30233
30236
30237
30240
30241
30242
30242
30244
30245
30250
30256
30266
30274
30277
30291
30297
30303
30304
30311
30315
30319
30323
30326
30331
30337
30338
30343
30345
30353
30358
30359
30360
30363
30365
30367
30371
30375
30376
30376
30377
30378
30383
30391
30393
30398
30400
30404
30407
30409
30418
30421
30422
30425
30431
30435
30437
30445
30448
30448
30451
30454
30457
30459
30459
30470
30476
30479
30483
30487
30495
30498
30500
30502
30503
30504
30512
30517
30517
30521
30524
30528
30532
30532
30534
30535
30547
30548
30553
30556
30558
30560
30561
30566
30571
30572
30590
30591
30593
30596
30621
30621
30627
30632
30634
30643
30646
30651
30653
30659
30659
30659
30668
30669
30673
30681
30682
30684
30687
30689
30689
30698
30699
30711
30712
30712
30719
30731
30731
30735
30740
30751
30761
30762
30765
30772
30782
30782
30784
30784
30787
30790
30793
30793
30793
30801
30801
30801
30803
30804
30807
30810
30810
30820
30824
30829
30832
30832
30833
30838
30839
30840
30846
30852
30855
30856
30857
30857
30859
30867
30872
30873
30874
30875
30881
30884
30885
30886
30886
30888
30891
30894
30907
30925
30925
30927
30932
30933
30947
30955
30956
30960
30961
30965
30966
30978
30978
30980
30985
30986
30988
30996
30996
30999
31004
31019
31025
31027
31030
31034
31034
31037
31038
31042
31043
31044
31046
31050
31062
31063
31066
31066
31067
31068
31078
31083
31093
31099
31110
31113
31120
31125
31131
31137
31139
31140
31149
31152
31155
31159
31159
31160
31163
31163
31166
31171
31172
31183
31187
31189
31191
31192
31193
31196
31206
31206
31206
31207
31207
31211
31218
31218
31218
31221
31223
31223
31224
31237
31238
31239
31239
31246
31255
31260
31261
31275
31283
31286
31291
31296
31298
31301
31302
31309
31314
31314
31316
31319
31319
31320
31325
31326
31329
31339
31340
31342
31345
31345
31350
31350
31352
31354
31360
31362
31375
31377
31383
31393
31402
31408
31408
31409
31412
31413
31432
31442
31449
31459
31460
31467
31467
31473
31479
31481
31481
31482
31485
31485
31488
31490
31497
31499
31500
31500
31505
31506
31507
31507
31521
31521
31522
31531
31533
31533
31534
31540
31541
31541
31551
31551
31552
31559
31560
31568
31571
31576
31587
31590
31598
31603
31614
31615
31620
31627
31629
31631
31637
31641
31649
31652
31654
31655
31655
31655
31657
31666
31667
31670
31673
31679
31682
31686
31687
31690
31694
31700
31704
31704
31706
31714
31715
31716
31719
31724
31724
31730
31731
31734
31741
31746
31748
31755
31758
31767
31768
31769
31775
31776
31778
31778
31778
31784
31790
31796
31805
31808
31810
31819
31821
31825
31829
31832
31832
31834
31840
31841
31841
31844
31844
31845
31848
31850
31854
31865
31868
31876
31889
31891
31898
31904
31913
31914
31925
31930
31934
31935
31938
31949
31953
31954
31955
31959
31959
31959
31960
31969
31975
31977
31981
31986
31990
31993
31995
31996
32015
32017
32020
32021
32025
32026
32028
32032
32042
32050
32052
32053
32061
32068
32070
32071
32071
32072
32085
32092
32095
32103
32110
32114
32119
32120
32137
32137
32141
32143
32143
32144
32149
32153
32157
32163
32170
32171
32173
32181
32183
32184
32185
32190
32194
32198
32200
32201
32206
32211
32225
32227
32228
32229
32234
32237
32239
32245
32252
32256
32265
32270
32270
32272
32273
32282
32288
32297
32297
32301
32311
32313
32317
32317
32324
32325
32326
32326
32334
32335
32335
32339
32341
32350
32350
32351
32354
32357
32358
32358
32359
32361
32361
32363
32368
32369
32373
32375
32377
32377
32386
32388
32391
32396
32396
32397
32398
32399
32411
32412
32418
32419
32419
32420
32430
32431
32433
32439
32440
32443
32445
32457
32466
32467
32470
32470
32475
32479
32481
32488
32489
32494
32494
32496
32497
32498
32499
32499
32510
32522
32523
32524
32526
32536
32541
32547
32551
32554
32554
32560
32564
32564
32565
32568
32568
32571
32574
32575
32582
32584
32589
32593
32595
32599
32602
32606
32614
32615
32623
32639
32646
32649
32652
32657
32665
32677
32681
32691
32691
32699
32701
32708
32712
32721
32721
32723
32728
32732
32737
32754
32756
32758
32762
32765
32785
32788
32795
32800
32803
32804
32809
32824
32825
32825
32826
32827
32837
32837
32851
32854
32855
32860
32864
32864
32866
32867
32872
32882
32887
32894
32906
32911
32914
32923
32925
32928
32929
32933
32937
32944
32946
32949
32964
32968
32970
32978
32979
32982
32985
32989
32999
33001
33002
33003
33003
33004
33015
33022
33024
33029
33030
33038
33039
33040
33041
33044
33054
33060
33062
33065
33065
33077
33077
33079
33083
33083
33084
33085
33091
33102
33104
33110
33111
33112
33118
33118
33122
33123
33130
33143
33143
33151
33155
33157
33160
33161
33164
33172
33181
33183
33189
33190
33192
33203
33206
33213
33214
33220
33221
33228
33234
33237
33239
33247
33252
33257
33259
33262
33264
33267
33267
33270
33287
33288
33288
33292
33293
33300
33305
33306
33313
33314
33316
33316
33317
33319
33322
33324
33328
33333
33337
33347
33348
33349
33350
33351
33351
33352
33358
33360
33362
33365
33374
33377
33378
33387
33389
33393
33396
33398
33406
33407
33408
33409
33420
33421
33440
33443
33444
33445
33446
33455
33457
33457
33457
33463
33464
33466
33468
33472
33474
33477
33479
33486
33487
33488
33490
33496
33498
33501
33507
33509
33537
33546
33552
33555
33559
33562
33564
33566
33568
33571
33579
33588
33599
33602
33606
33610
33613
33613
33614
33615
33616
33616
33617
33623
33626
33641
33647
33651
33651
33656
33662
33667
33674
33676
33676
33686
33687
33688
33691
33696
33697
33705
33718
33721
33721
33723
33736
33739
33740
33740
33746
33747
33751
33755
33757
33758
33760
33762
33772
33776
33778
33779
33780
33781
33782
33794
33799
33800
33802
33804
33805
33811
33811
33820
33821
33839
33849
33849
33854
33864
33870
33871
33871
33878
33887
33890
33899
33901
33909
33909
33909
33914
33915
33915
33917
33924
33927
33927
33928
33933
33934
33937
33943
33946
33957
33957
33958
33963
33964
33968
33972
33981
33982
33986
33988
33989
33999
34006
34012
34018
34019
34022
34036
34041
34042
34047
34061
34063
34067
34081
34082
34082
34085
34087
34088
34090
34091
34096
34107
34113
34118
34127
34138
34139
34144
34144
34151
34151
34153
34156
34156
34165
34175
34182
34193
34201
34203
34207
34212
34214
34220
34224
34225
34226
34232
34239
34242
34248
34249
34257
34260
34267
34269
34274
34276
34285
34287
34288
34289
34293
34311
34312
34313
34317
34317
34317
34332
34333
34335
34339
34339
34341
34342
34344
34346
34351
34362
34363
34367
34371
34372
34374
34377
34392
34392
34395
34403
34406
34406
34409
34409
34410
34410
34416
34417
34423
34435
34440
34441
34442
34445
34445
34449
34449
34455
34455
34457
34461
34471
34474
34474
34486
34489
34491
34492
34495
34495
34509
34513
34525
34528
34528
34533
34536
34539
34540
34544
34553
34556
34556
34557
34557
34558
34565
34572
34573
34574
34576
34576
34582
34582
34588
34597
34597
34601
34602
34603
34605
34606
34611
34614
34614
34618
34627
34629
34647
34648
34657
34658
34663
34670
34672
34681
34690
34692
34697
34698
34700
34701
34703
34708
34722
34723
34725
34732
34739
34743
34744
34754
34757
34760
34765
34766
34768
34770
34773
34777
34782
34787
34791
34811
34817
34818
34821
34832
34838
34838
34839
34841
34848
34850
34851
34853
34859
34861
34870
34875
34877
34877
34881
34885
34896
34896
34899
34900
34901
34909
34913
34920
34922
34922
34926
34927
34929
34930
34940
34943
34943
34943
34958
34961
34962
34964
34964
34974
34976
34977
34978
34979
34980
34982
34982
34983
34983
34984
34990
34998
34998
35003
35003
35010
35019
35021
35025
35033
35035
35047
35047
35048
35058
35063
35064
35066
35068
35070
35073
35074
35078
35081
35084
35087
35095
35099
35101
35105
35114
35115
35122
35128
35129
35134
35141
35145
35150
35151
35170
35172
35175
35178
35180
35184
35201
35203
35204
35205
35206
35213
35222
35225
35226
35237
35240
35245
35248
35249
35252
35258
35265
35266
35269
35275
35276
35278
35282
35282
35283
35284
35287
35293
35293
35307
35309
35314
35316
35317
35321
35323
35327
35336
35348
35349
35352
35353
35354
35355
35356
35356
35357
35370
35370
35381
35388
35390
35391
35402
35402
35403
35405
35406
35409
35409
35409
35412
35415
35420
35420
35421
35422
35431
35437
35441
35446
35452
35459
35465
35466
35469
35475
35476
35476
35477
35479
35483
35486
35500
35510
35519
35519
35521
35521
35526
35528
35530
35532
35532
35538
35539
35545
35553
35570
35577
35578
35585
35589
35590
35590
35599
35602
35604
35610
35634
35639
35640
35642
35642
35643
35644
35653
35656
35662
35664
35665
35670
35670
35680
35681
35682
35682
35684
35684
35687
35696
35698
35701
35701
35702
35703
35703
35708
35710
35712
35713
35717
35727
35728
35735
35737
35740
35745
35746
35752
35761
35764
35773
35775
35775
35786
35796
35796
35798
35799
35800
35800
35806
35811
35814
35815
35819
35822
35828
35829
35829
35830
35833
35836
35838
35839
35841
35843
35844
35851
35852
35854
35854
35863
35864
35866
35868
35873
35881
35882
35884
35890
35902
35908
35913
35915
35916
35917
35918
35919
35919
35921
35938
35938
35938
35946
35948
35954
35958
35969
35972
35977
35980
35981
35984
35988
35988
35988
35990
35991
35998
35999
35999
36002
36009
36010
36012
36027
36027
36034
36035
36037
36039
36041
36043
36043
36044
36054
36062
36067
36068
36068
36080
36083
36084
36092
36095
36097
36097
36102
36102
36113
36118
36120
36121
36123
36126
36127
36129
36132
36133
36135
36137
36140
36145
36147
36152
36157
36158
36166
36167
36173
36183
36186
36200
36205
36207
36211
36211
36212
36219
36223
36230
36232
36234
36242
36245
36248
36251
36253
36256
36264
36266
36273
36280
36283
36287
36296
36302
36309
36312
36313
36314
36316
36317
36321
36321
36322
36332
36333
36334
36351
36363
36366
36369
36372
36373
36375
36380
36382
36392
36393
36395
36400
36401
36402
36406
36412
36414
36422
36423
36424
36424
36424
36425
36430
36433
36435
36437
36439
36446
36453
36458
36462
36469
36475
36479
36484
36489
36490
36503
36505
36505
36513
36514
36516
36519
36520
36526
36528
36535
36538
36545
36546
36552
36556
36562
36566
36567
36571
36573
36578
36582
36588
36595
36598
36600
36603
36604
36607
36613
36615
36615
36615
36620
36625
36631
36634
36649
36652
36654
36659
36665
36666
36675
36684
36685
36686
36691
36693
36693
36699
36699
36701
36704
36707
36711
36711
36732
36740
36741
36743
36744
36756
36763
36766
36771
36772
36780
36785
36787
36787
36792
36792
36792
36794
36797
36799
36799
36800
36801
36805
36810
36819
36830
36840
36843
36848
36848
36851
36865
36865
36866
36868
36870
36870
36875
36879
36886
36888
36889
36890
36890
36891
36892
36892
36895
36895
36896
36899
36900
36901
36902
36908
36914
36915
36919
36921
36926
36930
36939
36943
36960
36961
36964
36970
36973
36977
36977
36987
36988
36992
36993
37001
37005
37007
37008
37009
37015
37018
37019
37028
37031
37034
37045
37053
37054
37062
37067
37072
37076
37081
37088
37091
37092
37097
37106
37107
37113
37113
37113
37114
37115
37115
37116
37124
37126
37129
37134
37134
37135
37140
37146
37147
37150
37158
37161
37161
37164
37166
37166
37167
37173
37177
37179
37179
37179
37181
37185
37186
37188
37190
37193
37193
37196
37197
37202
37203
37207
37207
37210
37216
37217
37222
37225
37227
37235
37238
37241
37243
37243
37243
37247
37250
37251
37252
37257
37258
37263
37271
37273
37278
37280
37282
37291
37291
37294
37295
37295
37296
37297
37309
37311
37312
37313
37316
37317
37320
37320
37323
37327
37327
37328
37332
37336
37337
37344
37350
37350
37378
37381
37384
37385
37386
37397
37400
37403
37407
37407
37422
37423
37436
37439
37440
37443
37446
37453
37462
37464
37469
37470
37473
37477
37482
37503
37503
37505
37509
37510
37518
37523
37526
37531
37535
37537
37540
37547
37560
37564
37567
37579
37581
37583
37585
37594
37596
37597
37600
37601
37601
37602
37610
37613
37613
37618
37626
37636
37642
37650
37651
37654
37663
37679
37687
37689
37691
37691
37697
37698
37698
37700
37707
37714
37716
37730
37730
37752
37753
37759
37770
37779
37783
37785
37797
37800
37801
37804
37807
37812
37814
37815
37816
37816
37822
37824
37835
37837
37839
37843
37844
37854
37858
37862
37864
37866
37867
37870
37870
37876
37876
37882
37884
37885
37888
37891
37894
37895
37899
37902
37907
37908
37909
37921
37922
37924
37926
37926
37935
37936
37938
37940
37943
37945
37945
37948
37949
37951
37952
37967
37967
37967
37968
37970
37980
37985
37991
37993
37999
38000
38025
38027
38027
38034
38037
38039
38050
38051
38060
38071
38071
38073
38081
38082
38103
38111
38112
38113
38116
38121
38126
38128
38132
38133
38134
38137
38137
38139
38144
38145
38145
38156
38157
38157
38158
38163
38168
38175
38178
38180
38182
38183
38190
38198
38205
38206
38210
38216
38217
38228
38231
38234
38242
38242
38254
38257
38264
38270
38272
38279
38292
38292
38296
38303
38305
38316
38328
38332
38334
38335
38336
38338
38339
38339
38341
38344
38358
38358
38364
38366
38373
38374
38376
38376
38377
38385
38385
38387
38389
38389
38391
38401
38403
38404
38405
38409
38412
38425
38438
38440
38449
38455
38458
38459
38462
38464
38468
38472
38475
38479
38482
38484
38487
38490
38493
38495
38502
38508
38512
38512
38514
38519
38520
38521
38522
38527
38532
38533
38533
38535
38541
38541
38545
38552
38552
38554
38561
38566
38567
38571
38573
38576
38585
38585
38589
38590
38596
38596
38609
38610
38615
38616
38621
38626
38626
38633
38638
38641
38649
38659
38665
38674
38674
38682
38684
38701
38704
38707
38707
38710
38710
38711
38725
38726
38734
38736
38738
38741
38743
38746
38749
38749
38751
38751
38753
38760
38763
38768
38768
38789
38805
38808
38808
38810
38812
38813
38814
38820
38824
38833
38836
38837
38837
38839
38850
38851
38861
38866
38866
38867
38871
38872
38875
38875
38883
38905
38906
38908
38915
38927
38931
38932
38934
38936
38938
38944
38945
38947
38949
38950
38950
38953
38956
38956
38957
38959
38961
38982
38983
38983
38989
38990
38991
38993
38997
38998
39008
39016
39016
39020
39027
39038
39045
39046
39051
39051
39054
39070
39073
39075
39076
39082
39097
39097
39106
39107
39111
39112
39114
39118
39127
39128
39129
39132
39133
39133
39134
39141
39148
39148
39157
39166
39168
39170
39171
39174
39175
39178
39208
39208
39215
39234
39239
39240
39242
39245
39251
39253
39262
39274
39280
39282
39285
39287
39288
39293
39294
39296
39297
39303
39305
39309
39317
39318
39322
39329
39333
39334
39339
39352
39355
39359
39370
39378
39382
39398
39401
39403
39407
39411
39412
39418
39425
39429
39433
39447
39447
39449
39454
39458
39459
39460
39463
39466
39471
39480
39481
39482
39484
39485
39497
39498
39503
39508
39510
39517
39518
39521
39527
39528
39528
39529
39532
39533
39534
39534
39540
39542
39547
39554
39554
39557
39559
39560
39562
39566
39567
39569
39573
39574
39574
39580
39583
39590
39596
39604
39605
39615
39618
39618
39621
39622
39623
39623
39628
39631
39631
39643
39646
39647
39651
39652
39656
39665
39668
39673
39679
39682
39702
39705
39714
39717
39723
39724
39726
39734
39739
39741
39751
39753
39756
39773
39781
39782
39783
39785
39792
39794
39817
39818
39819
39822
39826
39835
39836
39838
39839
39839
39842
39859
39862
39866
39869
39872
39877
39893
39900
39903
39904
39906
39909
39913
39913
39925
39925
39925
39934
39935
39938
39953
39961
39965
39972
39977
39977
39980
39982
39984
39988
39989
39991
39999
40000
40005
40009
40011
40014
40022
40029
40030
40034
40039
40043
40048
40050
40055
40060
40073
40073
40079
40079
40080
40089
40091
40092
40107
40112
40113
40114
40114
40116
40118
40120
40121
40123
40130
40135
40137
40141
40142
40149
40163
40164
40165
40171
40177
40178
40187
40187
40188
40188
40190
40190
40195
40199
40202
40204
40205
40210
40215
40227
40232
40237
40245
40253
40256
40257
40262
40262
40267
40269
40271
40279
40294
40298
40299
40300
40302
40303
40303
40304
40307
40309
40311
40312
40317
40317
40321
40322
40325
40331
40333
40333
40336
40346
40347
40351
40352
40358
40365
40376
40390
40392
40393
40398
40400
40402
40406
40413
40415
40416
40416
40416
40416
40431
40431
40432
40433
40449
40453
40464
40470
40470
40471
40486
40494
40495
40496
40499
40500
40501
40502
40505
40507
40518
40520
40526
40541
40545
40546
40546
40547
40548
40557
40559
40560
40566
40568
40579
40585
40585
40589
40590
40592
40595
40599
40607
40608
40612
40616
40620
40622
40622
40632
40638
40639
40651
40659
40666
40672
40678
40680
40685
40691
40693
40698
40701
40704
40704
40705
40710
40710
40712
40715
40720
40721
40725
40726
40740
40742
40745
40745
40747
40750
40752
40753
40754
40758
40767
40767
40772
40781
40784
40786
40798
40802
40806
40809
40810
40811
40812
40817
40817
40817
40823
40827
40834
40836
40837
40840
40846
40848
40850
40852
40857
40865
40867
40867
40870
40880
40886
40890
40896
40898
40900
40910
40924
40932
40935
40938
40945
40948
40949
40949
40950
40952
40955
40959
40959
40960
40961
40963
40976
40985
40991
40994
40997
40998
40998
41000
41006
41008
41012
41015
41016
41030
41030
41031
41032
41035
41041
41046
41050
41054
41055
41072
41080
41082
41083
41089
41089
41094
41105
41106
41109
41114
41126
41134
41142
41143
41149
41149
41165
41175
41189
41199
41200
41200
41208
41220
41220
41221
41224
41226
41227
41234
41236
41238
41239
41241
41242
41244
41245
41252
41266
41269
41273
41276
41283
41292
41294
41310
41319
41320
41327
41328
41328
41332
41342
41346
41349
41349
41355
41355
41356
41365
41366
41367
41369
41371
41371
41372
41375
41376
41377
41390
41391
41398
41399
41402
41412
41414
41421
41421
41421
41425
41429
41431
41444
41445
41453
41456
41457
41458
41459
41459
41462
41463
41464
41465
41468
41470
41472
41480
41485
41488
41492
41503
41504
41510
41520
41521
41525
41539
41540
41544
41546
41549
41550
41557
41558
41559
41560
41563
41563
41571
41572
41575
41575
41577
41577
41586
41588
41592
41598
41598
41598
41604
41609
41614
41616
41623
41626
41637
41640
41642
41642
41647
41647
41649
41649
41650
41653
41657
41657
41662
41663
41669
41673
41676
41676
41681
41682
41683
41684
41686
41695
41699
41700
41705
41706
41715
41715
41716
41720
41729
41730
41734
41741
41743
41744
41745
41753
41756
41762
41764
41765
41767
41769
41770
41780
41781
41791
41794
41795
41798
41801
41801
41812
41817
41821
41822
41827
41828
41832
41832
41835
41839
41844
41845
41850
41856
41857
41861
41861
41861
41864
41869
41870
41871
41882
41886
41892
41892
41895
41899
41902
41908
41911
41918
41920
41924
41925
41930
41932
41948
41949
41950
41965
41972
41972
41974
41979
41982
41989
41991
41998
42005
42007
42009
42019
42020
42032
42039
42043
42057
42069
42073
42074
42076
42077
42078
42079
42086
42087
42089
42090
42092
42092
42093
42095
42097
42099
42105
42111
42114
42117
42124
42133
42139
42152
42152
42162
42162
42162
42165
42172
42172
42177
42178
42178
42192
42199
42200
42218
42223
42223
42225
42232
42233
42237
42240
42244
42247
42255
42261
42262
42267
42269
42273
42284
42285
42293
42311
42319
42325
42331
42338
42341
42344
42345
42345
42354
42363
42374
42379
42386
42388
42391
42393
42396
42402
42405
42406
42413
42414
42415
42416
42416
42423
42425
42428
42431
42432
42434
42444
42445
42446
42449
42452
42454
42459
42461
42466
42467
42471
42471
42473
42480
42481
42481
42482
42483
42483
42487
42488
42495
42497
42500
42501
42505
42508
42508
42517
42518
42525
42528
42528
42529
42533
42533
42536
42539
42539
42555
42567
42568
42578
42578
42580
42582
42582
42588
42589
42592
42593
42601
42606
42612
42613
42618
42623
42628
42630
42636
42640
42647
42648
42648
42648
42657
42658
42662
42666
42667
42668
42676
42677
42680
42681
42685
42688
42691
42699
42700
42705
42708
42712
42712
42714
42714
42718
42722
42724
42724
42725
42726
42729
42730
42730
42744
42747
42774
42775
42776
42777
42796
42796
42797
42800
42803
42810
42817
42821
42821
42823
42826
42830
42832
42843
42859
42863
42864
42868
42873
42875
42876
42883
42889
42891
42894
42894
42900
42900
42903
42906
42912
42912
42923
42936
42939
42939
42945
42948
42949
42954
42959
42968
42970
42978
42984
42988
42990
42997
43006
43011
43015
43018
43020
43020
43022
43025
43034
43049
43052
43052
43054
43065
43072
43074
43078
43080
43081
43089
43091
43093
43093
43098
43100
43101
43107
43112
43113
43126
43128
43131
43139
43140
43141
43144
43145
43150
43155
43157
43160
43166
43169
43192
43204
43205
43208
43210
43215
43216
43222
43223
43235
43237
43242
43243
43244
43245
43247
43247
43248
43254
43262
43269
43270
43274
43282
43285
43288
43292
43294
43301
43309
43311
43312
43312
43317
43323
43324
43325
43327
43329
43336
43339
43342
43344
43346
43348
43348
43353
43353
43354
43354
43359
43362
43371
43382
43382
43387
43394
43394
43394
43396
43409
43410
43410
43426
43433
43435
43436
43444
43447
43447
43447
43456
43457
43462
43462
43466
43471
43479
43489
43493
43494
43496
43500
43507
43516
43516
43518
43520
43524
43526
43531
43537
43542
43550
43551
43554
43558
43564
43565
43580
43590
43592
43592
43605
43616
43623
43624
43635
43637
43638
43639
43640
43644
43644
43653
43659
43660
43660
43662
43666
43667
43670
43670
43673
43681
43688
43694
43696
43696
43696
43702
43703
43709
43710
43713
43725
43734
43745
43760
43761
43762
43770
43771
43772
43776
43780
43781
43786
43787
43790
43792
43811
43816
43818
43820
43822
43823
43825
43833
43836
43839
43844
43853
43855
43860
43860
43860
43861
43861
43867
43868
43883
43886
43888
43892
43893
43901
43903
43904
43923
43932
43941
43943
43953
43954
43955
43956
43958
43959
43960
43963
43963
43964
43971
43980
43980
43981
43986
43992
44001
44002
44007
44009
44013
44014
44026
44027
44028
44033
44036
44038
44042
44054
44056
44060
44065
44067
44067
44070
44073
44073
44074
44076
44077
44077
44080
44092
44092
44098
44102
44102
44107
44109
44112
44114
44121
44125
44128
44132
44143
44147
44151
44151
44157
44158
44163
44163
44167
44167
44169
44169
44170
44174
44175
44183
44183
44187
44194
44198
44217
44228
44230
44235
44241
44245
44246
44249
44251
44252
44254
44254
44257
44257
44273
44277
44278
44279
44281
44282
44284
44284
44285
44290
44291
44307
44309
44315
44317
44320
44320
44322
44325
44329
44330
44337
44338
44341
44343
44351
44351
44354
44361
44373
44381
44384
44396
44397
44399
44402
44407
44411
44413
44414
44419
44425
44432
44433
44436
44439
44442
44443
44446
44448
44449
44452
44453
44453
44454
44454
44456
44456
44470
44474
44483
44487
44487
44497
44501
44504
44511
44513
44514
44518
44526
44526
44529
44539
44540
44550
44552
44557
44557
44558
44558
44559
44559
44562
44562
44567
44568
44569
44576
44578
44584
44586
44589
44592
44600
44604
44605
44605
44606
44609
44618
44619
44621
44624
44626
44632
44636
44640
44649
44659
44659
44665
44671
44673
44679
44684
44691
44692
44692
44695
44699
44703
44705
44708
44713
44726
44747
44754
44761
44769
44772
44775
44776
44778
44778
44786
44788
44797
44798
44800
44802
44802
44802
44805
44807
44807
44812
44816
44820
44820
44828
44829
44837
44837
44840
44847
44851
44854
44855
44859
44861
44869
44871
44881
44882
44890
44893
44894
44895
44901
44907
44909
44913
44924
44924
44926
44940
44941
44959
44985
44986
44987
44991
44992
44998
44998
44999
45004
45005
45015
45017
45018
45023
45026
45030
45031
45032
45035
45036
45049
45063
45063
45063
45065
45072
45075
45084
45087
45090
45096
45097
45100
45103
45104
45105
45107
45122
45123
45124
45127
45128
45132
45132
45135
45136
45139
45142
45144
45154
45162
45163
45164
45174
45177
45183
45204
45210
45213
45215
45228
45229
45234
45234
45238
45240
45241
45254
45254
45257
45259
45261
45263
45264
45264
45270
45274
45278
45289
45291
45300
45301
45301
45303
45306
45306
45307
45308
45312
45312
45316
45319
45322
45325
45330
45336
45341
45341
45342
45350
45358
45358
45359
45359
45361
45363
45363
45370
45370
45385
45385
45387
45405
45411
45412
45426
45429
45430
45442
45444
45448
45452
45452
45452
45466
45469
45475
45480
45480
45480
45487
45487
45488
45490
45490
45490
45491
45496
45500
45507
45510
45514
45515
45517
45523
45525
45527
45528
45531
45538
45543
45544
45544
45547
45553
45560
45564
45565
45565
45566
45573
45577
45579
45579
45580
45581
45583
45585
45586
45586
45588
45591
45598
45603
45606
45608
45609
45609
45609
45614
45620
45637
45637
45647
45650
45652
45654
45655
45656
45660
45661
45662
45663
45665
45666
45679
45683
45705
45707
45710
45711
45712
45716
45727
45729
45731
45747
45748
45751
45755
45765
45767
45768
45769
45775
45781
45785
45791
45792
45801
45807
45812
45814
45815
45818
45828
45841
45852
45858
45859
45861
45861
45862
45865
45868
45873
45877
45880
45890
45891
45903
45923
45928
45931
45937
45938
45959
45961
45969
45971
45975
45983
45989
45991
46010
46011
46012
46024
46030
46038
46039
46052
46052
46061
46062
46066
46070
46073
46073
46078
46092
46100
46101
46110
46112
46115
46115
46120
46120
46121
46124
46127
46130
46135
46135
46137
46151
46157
46159
46166
46170
46174
46182
46186
46191
46194
46196
46198
46198
46202
46206
46216
46219
46219
46225
46229
46229
46229
46240
46240
46243
46248
46249
46255
46258
46262
46263
46275
46288
46293
46298
46303
46310
46310
46322
46329
46330
46334
46341
46346
46350
46351
46352
46352
46357
46360
46360
46361
46362
46362
46366
46372
46378
46380
46385
46389
46393
46399
46400
46401
46410
46412
46418
46423
46427
46428
46429
46431
46436
46440
46440
46449
46452
46452
46457
46457
46468
46469
46476
46481
46482
46485
46485
46486
46491
46504
46506
46508
46513
46516
46521
46529
46529
46532
46533
46550
46555
46560
46566
46568
46571
46571
46576
46579
46581
46582
46582
46585
46588
46588
46599
46601
46601
46605
46610
46612
46619
46627
46631
46635
46637
46640
46646
46652
46652
46662
46664
46664
46668
46672
46673
46676
46676
46690
46691
46692
46692
46697
46701
46707
46723
46725
46726
46728
46739
46759
46769
46770
46775
46776
46777
46780
46782
46787
46800
46803
46807
46808
46808
46811
46814
46822
46822
46826
46827
46827
46828
46829
46832
46839
46839
46843
46843
46845
46848
46850
46850
46851
46855
46856
46867
46867
46868
46872
46872
46880
46884
46888
46889
46895
46897
46900
46901
46901
46906
46906
46913
46921
46932
46938
46939
46940
46946
46951
46951
46953
46959
46963
46963
46964
46964
46970
46973
46983
46991
46995
47005
47006
47008
47017
47023
47025
47026
47030
47031
47038
47039
47040
47040
47045
47048
47052
47073
47075
47082
47083
47088
47092
47094
47095
47102
47116
47116
47135
47136
47139
47142
47143
47149
47153
47158
47160
47172
47184
47185
47193
47200
47205
47208
47210
47216
47221
47229
47229
47238
47238
47244
47245
47245
47248
47251
47255
47255
47257
47259
47262
47262
47269
47271
47276
47290
47290
47293
47302
47314
47315
47317
47321
47323
47323
47327
47333
47333
47336
47353
47354
47357
47359
47376
47377
47380
47380
47382
47385
47387
47394
47395
47398
47399
47404
47407
47411
47412
47419
47419
47424
47431
47431
47433
47436
47438
47444
47458
47460
47467
47470
47475
47479
47480
47492
47510
47513
47515
47516
47519
47531
47545
47554
47555
47559
47560
47561
47565
47569
47569
47591
47593
47596
47606
47614
47615
47619
47622
47625
47630
47630
47631
47637
47643
47647
47651
47653
47662
47664
47666
47666
47667
47671
47678
47681
47682
47685
47688
47708
47710
47711
47722
47729
47733
47737
47738
47741
47741
47746
47747
47748
47755
47761
47761
47768
47769
47780
47780
47782
47787
47788
47788
47792
47794
47797
47800
47807
47807
47809
47812
47821
47834
47838
47839
47840
47843
47844
47848
47851
47851
47851
47855
47857
47860
47862
47862
47863
47866
47870
47875
47878
47879
47879
47886
47888
47891
47893
47895
47899
47905
47910
47914
47921
47921
47923
47929
47930
47930
47931
47936
47937
47939
47941
47941
47955
47961
47961
47962
47963
47974
47981
47982
47993
47997
48002
48007
48014
48019
48021
48026
48030
48032
48041
48050
48050
48052
48058
48061
48071
48071
48075
48081
48084
48109
48111
48111
48116
48131
48134
48141
48143
48149
48152
48155
48158
48161
48164
48168
48176
48177
48186
48189
48190
48191
48203
48221
48225
48232
48233
48243
48245
48249
48249
48251
48254
48260
48260
48260
48270
48272
48273
48273
48273
48289
48289
48290
48292
48298
48299
48301
48307
48320
48321
48329
48331
48332
48333
48342
48347
48347
48350
48350
48350
48357
48357
48359
48359
48366
48369
48370
48377
48386
48387
48388
48388
48393
48394
48394
48398
48402
48405
48406
48409
48415
48417
48417
48420
48421
48422
48426
48427
48428
48430
48436
48436
48440
48443
48444
48445
48452
48454
48454
48456
48457
48470
48471
48475
48476
48481
48491
48494
48495
48497
48503
48511
48515
48522
48530
48532
48533
48534
48535
48538
48539
48541
48543
48546
48551
48554
48560
48562
48572
48573
48576
48576
48578
48589
48591
48597
48599
48601
48607
48609
48612
48617
48621
48627
48628
48630
48636
48636
48639
48640
48641
48645
48647
48649
48651
48654
48656
48658
48674
48676
48680
48681
48687
48692
48697
48697
48700
48702
48708
48714
48716
48721
48721
48727
48728
48731
48732
48733
48735
48741
48745
48747
48747
48750
48754
48754
48756
48762
48774
48786
48786
48789
48792
48800
48801
48801
48804
48828
48830
48835
48836
48842
48853
48854
48860
48870
48871
48873
48876
48881
48885
48887
48898
48917
48919
48920
48925
48926
48929
48930
48934
48937
48938
48940
48940
48945
48946
48949
48950
48950
48961
48967
48967
48970
48972
48975
48978
48978
48987
48987
48990
48993
49012
49015
49016
49024
49026
49040
49046
49049
49051
49055
49057
49057
49061
49066
49076
49077
49085
49086
49086
49089
49090
49109
49117
49129
49139
49142
49143
49145
49154
49155
49157
49158
49172
49173
49175
49178
49200
49204
49208
49215
49218
49219
49221
49228
49230
49234
49235
49246
49247
49252
49255
49255
49256
49257
49271
49273
49281
49283
49286
49304
49305
49316
49316
49323
49323
49333
49333
49346
49348
49353
49356
49356
49358
49360
49363
49363
49363
49366
49367
49370
49375
49384
49384
49387
49395
49405
49428
49431
49434
49435
49450
49450
49459
49460
49469
49475
49477
49479
49482
49482
49482
49484
49490
49500
49506
49507
49508
49509
49509
49510
49512
49514
49520
49525
49530
49533
49536
49539
49546
49558
49558
49561
49564
49571
49571
49575
49577
49579
49591
49593
49593
49594
49607
49608
49608
49615
49620
49621
49623
49632
49638
49639
49639
49645
49650
49650
49651
49652
49653
49663
49669
49671
49673
49675
49676
49676
49682
49684
49696
49701
49704
49707
49708
49710
49713
49713
49715
49721
49721
49723
49724
49725
49733
49737
49746
49754
49758
49762
49767
49781
49782
49783
49786
49790
49794
49794
49799
49807
49809
49811
49816
49827
49831
49832
49845
49857
49858
49861
49863
49865
49868
49872
49877
49884
49885
49888
49889
49896
49897
49898
49903
49918
49923
49925
49930
49932
49938
49955
49960
49960
49965
49965
49968
49969
49971
49975
49980
49981
49982
49983
49984
49991
49994
50007
50011
50016
50016
50018
50020
50022
50022
50024
50025
50034
50045
50052
50057
50062
50063
50065
50071
50075
50086
50088
50092
50093
50098
50101
50105
50107
50111
50114
50114
50115
50117
50122
50127
50130
50130
50133
50140
50141
50142
50149
50150
50168
50175
50175
50178
50181
50184
50185
50186
50190
50192
50194
50195
50196
50197
50200
50213
50216
50221
50222
50225
50235
50237
50239
50241
50243
50245
50258
50258
50261
50263
50270
50274
50287
50292
50294
50302
50308
50320
50321
50322
50323
50325
50326
50329
50332
50343
50347
50349
50351
50355
50357
50361
50364
50371
50377
50381
50384
50389
50391
50393
50394
50403
50407
50412
50413
50428
50438
50442
50447
50447
50447
50463
50483
50484
50489
50492
50493
50498
50502
50504
50507
50512
50514
50519
50520
50523
50524
50526
50530
50542
50545
50551
50554
50558
50562
50562
50569
50576
50587
50591
50591
50593
50596
50598
50605
50608
50610
50618
50620
50621
50625
50632
50632
50636
50636
50643
50643
50646
50650
50652
50654
50656
50660
50671
50673
50677
50678
50681
50683
50701
50702
50704
50709
50719
50719
50725
50733
50737
50741
50746
50747
50757
50762
50763
50766
50767
50769
50774
50778
50779
50781
50786
50789
50792
50793
50797
50800
50811
50814
50815
50818
50819
50820
50826
50833
50855
50868
50868
50869
50874
50884
50885
50885
50885
50885
50886
50887
50891
50892
50895
50896
50911
50920
50921
50923
50925
50926
50928
50935
50941
50942
50946
50950
50954
50960
50973
50973
50981
50982
50986
50989
50994
51010
51011
51012
51024
51026
51029
51030
51032
51037
51038
51038
51040
51045
51049
51050
51052
51056
51058
51060
51062
51067
51067
51068
51071
51071
51077
51079
51080
51086
51090
51092
51096
51101
51101
51104
51107
51109
51117
51124
51130
51141
51143
51144
51145
51148
51165
51167
51173
51176
51180
51182
51185
51187
51190
51192
51195
51196
51199
51200
51204
51204
51209
51209
51219
51220
51222
51225
51225
51229
51233
51237
51241
51242
51244
51247
51249
51253
51254
51258
51264
51272
51272
51273
51285
51289
51298
51299
51304
51310
51313
51321
51322
51324
51324
51332
51339
51344
51346
51354
51363
51366
51368
51369
51372
51376
51376
51379
51382
51386
51386
51388
51388
51399
51399
51401
51402
51414
51416
51426
51429
51429
51437
51440
51440
51445
51454
51458
51474
51475
51478
51479
51483
51484
51485
51487
51487
51489
51493
51493
51494
51497
51498
51499
51499
51504
51512
51512
51513
51518
51522
51529
51530
51533
51543
51551
51556
51556
51561
51569
51576
51580
51581
51588
51594
51599
51613
51613
51615
51616
51624
51628
51637
51639
51641
51644
51645
51645
51646
51649
51649
51653
51654
51658
51664
51665
51666
51673
51681
51688
51691
51696
51698
51702
51710
51713
51713
51715
51717
51718
51718
51721
51723
51728
51734
51735
51740
51741
51744
51747
51748
51756
51757
51771
51785
51787
51797
51798
51804
51805
51807
51810
51817
51818
51821
51825
51825
51838
51841
51845
51849
51851
51853
51859
51864
51866
51874
51877
51881
51884
51887
51890
51890
51899
51904
51907
51913
51916
51917
51922
51937
51941
51944
51945
51946
51959
51960
51961
51962
51970
51977
51977
51978
51987
52003
52006
52011
52015
52019
52020
52022
52024
52026
52029
52040
52040
52040
52041
52051
52059
52066
52068
52068
52069
52070
52070
52076
52076
52077
52081
52081
52083
52084
52084
52087
52088
52089
52093
52108
52116
52118
52123
52130
52130
52146
52151
52153
52167
52176
52176
52182
52182
52200
52204
52204
52213
52222
52224
52224
52228
52233
52237
52237
52243
52251
52253
52260
52260
52267
52270
52272
52282
52284
52289
52300
52304
52306
52310
52312
52316
52317
52320
52322
52323
52331
52334
52334
52337
52339
52343
52348
52357
52361
52361
52362
52366
52376
52387
52388
52388
52389
52394
52400
52402
52406
52424
52425
52426
52433
52436
52450
52457
52458
52463
52469
52474
52476
52480
52483
52484
52495
52496
52499
52500
52504
52510
52515
52518
52521
52521
52524
52526
52528
52532
52540
52549
52551
52557
52559
52565
52568
52569
52574
52577
52579
52584
52588
52589
52589
52592
52598
52600
52610
52620
52621
52624
52626
52631
52631
52634
52638
52638
52642
52648
52652
52656
52659
52669
52675
52683
52696
52698
52704
52706
52710
52718
52718
52721
52722
52726
52727
52732
52736
52749
52751
52753
52754
52755
52756
52757
52762
52764
52767
52767
52769
52769
52772
52778
52779
52780
52783
52784
52788
52790
52795
52798
52801
52807
52812
52816
52818
52818
52819
52819
52820
52824
52830
52833
52835
52836
52843
52844
52845
52850
52854
52869
52871
52876
52876
52882
52887
52901
52903
52913
52914
52916
52918
52918
52930
52938
52941
52941
52942
52949
52951
52952
52952
52953
52957
52961
52962
52975
52978
52987
53002
53004
53010
53011
53013
53015
53019
53020
53021
53023
53036
53038
53045
53046
53049
53051
53051
53052
53057
53058
53071
53074
53074
53077
53088
53090
53091
53097
53099
53109
53111
53123
53124
53124
53124
53126
53129
53129
53130
53130
53131
53136
53144
53157
53162
53165
53170
53176
53180
53181
53182
53183
53185
53187
53198
53206
53206
53207
53213
53217
53222
53222
53227
53237
53243
53243
53249
53250
53256
53259
53264
53267
53268
53269
53271
53271
53272
53281
53290
53300
53305
53307
53308
53308
53311
53318
53322
53325
53326
53332
53344
53345
53346
53346
53349
53353
53354
53355
53360
53365
53366
53371
53374
53377
53378
53381
53381
53384
53396
53408
53411
53423
53424
53425
53431
53433
53436
53443
53448
53457
53460
53474
53480
53484
53490
53497
53498
53510
53510
53511
53511
53513
53518
53526
53529
53530
53531
53538
53539
53541
53542
53553
53555
53575
53577
53583
53587
53591
53593
53596
53612
53615
53620
53621
53624
53628
53635
53638
53639
53641
53648
53651
53651
53655
53659
53660
53669
53670
53675
53676
53679
53684
53685
53694
53695
53696
53699
53699
53699
53701
53703
53704
53706
53714
53718
53719
53721
53727
53728
53731
53732
53733
53734
53741
53744
53745
53749
53750
53750
53750
53752
53752
53755
53757
53768
53771
53776
53777
53783
53785
53800
53802
53804
53807
53810
53810
53815
53816
53829
53832
53842
53847
53849
53860
53861
53865
53866
53871
53873
53878
53881
53881
53883
53884
53887
53891
53894
53897
53899
53906
53907
53909
53909
53915
53923
53924
53929
53930
53932
53939
53948
53949
53950
53954
53956
53958
53962
53964
53965
53968
53969
53970
53978
53983
53983
53993
53993
53995
53996
54023
54024
54030
54034
54034
54036
54036
54037
54037
54042
54046
54058
54062
54062
54063
54063
54067
54069
54070
54072
54075
54078
54089
54091
54092
54096
54104
54108
54110
54110
54112
54118
54131
54134
54139
54140
54143
54148
54149
54150
54159
54164
54172
54178
54179
54184
54191
54192
54195
54198
54202
54202
54209
54210
54212
54212
54220
54226
54231
54234
54239
54242
54245
54246
54248
54249
54250
54252
54252
54255
54256
54261
54266
54269
54278
54279
54281
54286
54287
54291
54293
54297
54302
54305
54310
54318
54318
54331
54333
54334
54346
54348
54352
54357
54363
54367
54367
54368
54372
54377
54378
54385
54386
54388
54393
54397
54399
54406
54408
54413
54420
54423
54424
54425
54434
54439
54442
54444
54447
54459
54463
54471
54474
54480
54482
54484
54489
54490
54492
54492
54497
54500
54501
54504
54514
54515
54516
54517
54518
54519
54521
54523
54526
54526
54526
54532
54533
54533
54536
54538
54540
54543
54544
54550
54552
54554
54555
54557
54559
54565
54579
54582
54587
54593
54610
54615
54619
54620
54621
54624
54629
54633
54637
54642
54643
54646
54646
54649
54654
54658
54658
54662
54662
54675
54680
54681
54697
54698
54698
54704
54706
54711
54712
54714
54716
54716
54718
54721
54727
54732
54733
54734
54735
54743
54746
54753
54753
54753
54754
54754
54765
54766
54773
54774
54780
54782
54784
54787
54788
54792
54795
54798
54798
54804
54805
54819
54822
54828
54835
54841
54843
54844
54844
54844
54846
54849
54850
54855
54857
54869
54869
54880
54893
54903
54906
54915
54922
54923
54928
54942
54943
54953
54959
54960
54961
54961
54965
54965
54967
54971
54971
54975
54983
54987
54995
54998
55000
55000
55001
55007
55008
55021
55025
55035
55037
55048
55051
55052
55053
55056
55063
55066
55072
55073
55077
55079
55080
55084
55086
55093
55095
55097
55102
55109
55111
55114
55116
55141
55153
55153
55158
55158
55160
55161
55163
55171
55172
55179
55180
55185
55192
55202
55209
55215
55217
55225
55236
55243
55249
55253
55257
55265
55266
55268
55270
55271
55284
55292
55298
55313
55319
55319
55322
55324
55325
55328
55329
55339
55340
55342
55348
55351
55352
55356
55357
55359
55360
55361
55367
55370
55372
55382
55393
55397
55400
55403
55406
55407
55418
55430
55430
55432
55432
55432
55436
55436
55439
55439
55443
55444
55457
55460
55462
55475
55486
55490
55490
55491
55492
55501
55502
55502
55507
55509
55509
55517
55520
55527
55531
55533
55542
55547
55547
55549
55554
55563
55583
55584
55584
55591
55593
55596
55597
55600
55616
55617
55630
55632
55637
55639
55640
55645
55645
55647
55647
55651
55654
55655
55657
55671
55679
55681
55682
55687
55689
55691
55700
55701
55703
55705
55708
55710
55711
55712
55713
55720
55725
55730
55733
55734
55738
55740
55743
55743
55746
55749
55751
55752
55767
55777
55779
55792
55794
55803
55803
55806
55809
55820
55834
55835
55835
55839
55839
55840
55841
55852
55853
55859
55859
55859
55861
55861
55862
55879
55895
55896
55896
55897
55899
55905
55910
55913
55924
55925
55927
55933
55937
55944
55951
55960
55960
55963
55979
55982
55982
55985
55993
55997
56001
56030
56034
56040
56052
56066
56067
56072
56075
56077
56080
56093
56105
56112
56114
56117
56118
56118
56120
56123
56124
56135
56139
56146
56148
56155
56156
56163
56164
56174
56174
56177
56181
56182
56182
56182
56189
56195
56197
56201
56208
56215
56231
56231
56245
56247
56254
56256
56256
56257
56271
56275
56276
56282
56284
56288
56307
56309
56314
56325
56325
56334
56337
56340
56341
56344
56344
56350
56352
56353
56357
56361
56370
56371
56373
56374
56376
56378
56383
56390
56390
56391
56392
56393
56396
56397
56400
56402
56404
56406
56408
56410
56413
56416
56419
56423
56425
56426
56426
56427
56441
56441
56448
56459
56460
56466
56467
56474
56474
56484
56485
56492
56499
56502
56511
56521
56525
56525
56525
56527
56531
56536
56539
56540
56547
56548
56552
56554
56558
56559
56564
56570
56581
56582
56585
56590
56595
56597
56600
56608
56610
56611
56617
56624
56624
56630
56643
56655
56656
56663
56668
56685
56687
56689
56691
56697
56700
56711
56711
56715
56718
56733
56733
56737
56737
56742
56743
56745
56749
56762
56763
56768
56768
56775
56777
56777
56781
56795
56800
56804
56805
56805
56808
56817
56819
56826
56851
56854
56856
56871
56875
56876
56879
56880
56882
56884
56886
56891
56892
56899
56910
56911
56914
56919
56925
56926
56948
56958
56958
56958
56960
56962
56967
56968
56976
56977
56983
56987
56989
56991
56997
57006
57010
57015
57017
57019
57019
57022
57023
57027
57035
57036
57041
57058
57067
57067
57068
57074
57076
57082
57084
57086
57094
57094
57094
57097
57098
57102
57105
57107
57112
57115
57116
57116
57122
57127
57129
57138
57139
57141
57145
57147
57156
57160
57162
57163
57170
57177
57180
57181
57182
57193
57194
57196
57199
57202
57202
57214
57220
57222
57224
57226
57239
57244
57248
57253
57267
57271
57274
57281
57296
57303
57304
57306
57319
57323
57326
57327
57329
57333
57334
57341
57343
57348
57352
57362
57363
57364
57377
57390
57397
57398
57399
57400
57419
57422
57428
57428
57431
57433
57434
57438
57446
57447
57448
57448
57454
57455
57457
57457
57459
57460
57466
57467
57474
57493
57495
57495
57496
57498
57504
57505
57509
57510
57531
57532
57535
57537
57538
57541
57549
57550
57554
57555
57556
57559
57566
57570
57580
57583
57589
57590
57591
57595
57598
57603
57604
57604
57605
57606
57607
57611
57615
57619
57634
57637
57643
57643
57656
57656
57659
57662
57664
57665
57665
57671
57683
57683
57684
57686
57687
57694
57704
57713
57723
57729
57732
57733
57733
57736
57739
57750
57760
57761
57761
57764
57769
57769
57770
57773
57787
57790
57793
57793
57801
57812
57831
57831
57849
57851
57856
57859
57863
57867
57868
57869
57870
57872
57875
57881
57882
57883
57884
57887
57892
57893
57898
57898
57902
57903
57904
57906
57910
57910
57911
57912
57915
57916
57921
57926
57932
57935
57936
57940
57952
57955
57955
57958
57960
57965
57973
57989
57994
57998
58001
58001
58001
58008
58011
58011
58026
58035
58039
58040
58040
58041
58042
58055
58060
58060
58061
58061
58063
58070
58073
58083
58087
58090
58091
58092
58093
58094
58101
58104
58104
58106
58108
58110
58111
58112
58116
58117
58118
58128
58130
58131
58140
58140
58142
58142
58144
58146
58150
58154
58160
58166
58166
58167
58170
58171
58172
58190
58191
58192
58199
58199
58208
58214
58215
58218
58221
58225
58225
58227
58229
58233
58236
58236
58241
58247
58254
58259
58260
58278
58282
58282
58285
58288
58294
58300
58305
58312
58313
58317
58321
58323
58326
58339
58345
58347
58351
58352
58352
58353
58357
58358
58363
58371
58375
58382
58386
58399
58400
58400
58400
58400
58403
58405
58405
58408
58411
58414
58419
58421
58421
58435
58440
58446
58449
58455
58461
58466
58469
58471
58476
58485
58489
58490
58491
58493
58499
58508
58512
58513
58515
58524
58524
58525
58525
58528
58528
58532
58537
58537
58555
58558
58559
58560
58562
58570
58570
58574
58581
58584
58585
58587
58589
58591
58593
58598
58603
58605
58605
58610
58611
58613
58614
58623
58629
58630
58640
58641
58643
58644
58651
58651
58659
58661
58662
58663
58666
58678
58681
58682
58682
58683
58691
58691
58695
58697
58700
58701
58706
58711
58714
58727
58730
58732
58733
58735
58735
58738
58738
58742
58754
58762
58762
58768
58770
58770
58777
58780
58782
58783
58806
58807
58812
58817
58819
58828
58828
58829
58830
58834
58837
58846
58847
58850
58853
58855
58863
58866
58872
58874
58878
58882
58885
58886
58893
58897
58901
58901
58904
58909
58909
58909
58916
58920
58926
58938
58948
58971
58977
58979
58981
58991
58993
58993
58996
58997
59003
59006
59007
59007
59008
59010
59011
59012
59015
59022
59028
59038
59039
59041
59043
59048
59053
59054
59062
59068
59072
59078
59085
59088
59096
59102
59103
59104
59113
59114
59114
59117
59121
59125
59133
59140
59146
59149
59150
59159
59161
59165
59174
59177
59190
59192
59208
59215
59221
59224
59225
59229
59233
59235
59237
59243
59244
59245
59252
59253
59253
59255
59259
59267
59268
59273
59273
59274
59274
59278
59278
59280
59282
59287
59288
59288
59290
59290
59294
59296
59297
59318
59323
59324
59324
59331
59332
59337
59343
59344
59344
59346
59358
59358
59359
59360
59363
59367
59371
59379
59386
59389
59389
59404
59405
59406
59406
59408
59410
59420
59421
59421
59423
59431
59431
59441
59442
59443
59449
59452
59456
59460
59478
59479
59480
59482
59490
59492
59493
59495
59499
59499
59500
59502
59504
59507
59516
59517
59521
59524
59534
59535
59539
59539
59541
59545
59550
59551
59553
59556
59563
59564
59566
59568
59572
59582
59583
59591
59593
59608
59635
59638
59641
59641
59648
59648
59648
59649
59651
59652
59663
59664
59665
59666
59668
59668
59676
59683
59685
59691
59694
59696
59702
59704
59722
59724
59724
59732
59739
59742
59747
59755
59769
59779
59785
59792
59794
59795
59796
59797
59804
59810
59819
59828
59828
59831
59838
59843
59853
59854
59855
59855
59858
59861
59874
59877
59879
59881
59882
59883
59886
59887
59888
59898
59910
59910
59915
59918
59919
59919
59919
59922
59922
59931
59936
59936
59939
59940
59940
59946
59949
59969
59970
59971
59973
59974
59974
59985
59991
59991
59998
59998
59999
60011
60014
60029
60031
60039
60058
60063
60064
60067
60069
60072
60076
60077
60079
60081
60082
60088
60095
60098
60110
60116
60117
60117
60118
60122
60122
60123
60125
60129
60130
60137
60140
60150
60153
60166
60168
60169
60178
60181
60181
60182
60183
60193
60193
60197
60198
60203
60209
60211
60213
60216
60217
60217
60217
60229
60231
60232
60237
60241
60242
60243
60246
60250
60251
60255
60256
60256
60257
60258
60262
60263
60264
60267
60270
60278
60278
60283
60292
60294
60301
60302
60303
60307
60309
60311
60325
60326
60327
60329
60335
60341
60348
60357
60359
60359
60364
60369
60382
60383
60401
60405
60408
60411
60414
60423
60426
60427
60433
60438
60454
60456
60457
60462
60465
60480
60480
60484
60491
60492
60499
60500
60501
60502
60502
60506
60513
60517
60519
60520
60529
60530
60538
60541
60555
60560
60566
60568
60568
60570
60571
60575
60575
60584
60585
60587
60592
60594
60596
60604
60606
60609
60612
60613
60617
60621
60628
60633
60638
60639
60640
60658
60661
60661
60663
60665
60669
60679
60683
60686
60687
60688
60689
60692
60694
60694
60697
60698
60704
60705
60712
60719
60719
60720
60721
60723
60727
60729
60731
60738
60741
60741
60750
60752
60752
60755
60755
60756
60757
60758
60758
60763
60763
60764
60766
60772
60782
60782
60789
60790
60797
60798
60818
60824
60825
60827
60828
60847
60856
60856
60857
60859
60860
60871
60879
60888
60891
60897
60897
60903
60915
60939
60939
60939
60940
60947
60947
60951
60951
60955
60956
60959
60964
60966
60966
60967
60968
60969
60971
60975
60983
60984
60985
60991
60991
60994
60998
60998
61001
61004
61012
61015
61020
61038
61039
61043
61058
61067
61069
61094
61095
61102
61102
61111
61122
61123
61125
61130
61131
61132
61133
61133
61136
61137
61140
61142
61143
61145
61150
61153
61160
61165
61170
61174
61178
61178
61179
61191
61194
61199
61205
61206
61206
61208
61219
61221
61222
61224
61227
61229
61231
61233
61238
61243
61244
61244
61254
61257
61259
61259
61266
61268
61269
61275
61278
61283
61284
61290
61296
61309
61317
61319
61322
61322
61325
61329
61330
61332
61333
61337
61342
61345
61352
61357
61370
61371
61372
61372
61377
61383
61383
61393
61398
61406
61418
61419
61421
61422
61438
61452
61457
61460
61462
61465
61466
61470
61483
61501
61503
61504
61505
61512
61516
61516
61529
61530
61533
61537
61540
61548
61550
61550
61550
61551
61560
61562
61563
61567
61567
61576
61579
61594
61596
61599
61602
61619
61619
61623
61637
61639
61643
61644
61645
61651
61652
61652
61654
61657
61660
61661
61666
61670
61673
61678
61683
61683
61685
61702
61707
61708
61709
61713
61730
61732
61735
61736
61737
61737
61746
61749
61750
61750
61751
61753
61755
61756
61758
61761
61761
61767
61777
61781
61784
61791
61792
61792
61794
61799
61803
61810
61812
61817
61818
61819
61821
61826
61827
61832
61835
61835
61840
61846
61852
61852
61860
61873
61875
61876
61878
61883
61886
61886
61888
61890
61906
61919
61929
61929
61930
61933
61956
61957
61957
61962
61966
61969
61973
61974
61980
61980
61983
61984
61996
62006
62012
62014
62021
62022
62022
62029
62036
62048
62051
62059
62063
62067
62073
62079
62080
62087
62087
62090
62091
62100
62101
62102
62105
62108
62110
62116
62116
62117
62118
62118
62128
62129
62130
62134
62136
62137
62140
62140
62144
62145
62162
62167
62170
62174
62176
62177
62186
62189
62189
62191
62195
62196
62206
62208
62215
62218
62221
62226
62232
62234
62236
62243
62244
62245
62246
62254
62257
62258
62261
62261
62268
62270
62270
62272
62293
62295
62295
62303
62304
62308
62311
62316
62317
62318
62324
62327
62331
62338
62339
62340
62342
62345
62346
62362
62362
62363
62369
62370
62371
62374
62377
62382
62382
62384
62390
62397
62399
62400
62401
62407
62411
62411
62413
62414
62415
62419
62423
62428
62436
62437
62437
62438
62438
62442
62455
62458
62461
62464
62465
62468
62468
62473
62474
62475
62475
62476
62479
62483
62494
62495
62506
62509
62517
62518
62525
62527
62528
62529
62529
62546
62547
62549
62550
62550
62551
62554
62555
62557
62558
62561
62567
62570
62580
62590
62591
62601
62604
62607
62609
62609
62610
62617
62620
62624
62626
62636
62636
62639
62641
62642
62643
62644
62644
62647
62648
62653
62655
62659
62661
62662
62669
62673
62677
62679
62684
62688
62689
62689
62693
62701
62703
62709
62713
62718
62742
62756
62759
62761
62765
62768
62769
62769
62769
62771
62779
62780
62781
62790
62795
62797
62804
62806
62808
62810
62816
62816
62827
62829
62830
62832
62837
62838
62838
62839
62839
62844
62847
62848
62850
62850
62851
62852
62857
62858
62865
62866
62869
62870
62875
62879
62879
62879
62880
62881
62881
62882
62889
62891
62892
62897
62901
62904
62905
62916
62917
62917
62919
62922
62923
62933
62935
62942
62944
62945
62946
62953
62959
62960
62963
62964
62971
62972
62973
62974
62974
62977
62977
62983
62987
62989
62994
62994
62995
62999
63008
63009
63013
63015
63018
63023
63024
63029
63037
63038
63040
63042
63042
63053
63057
63058
63058
63061
63077
63084
63085
63086
63107
63107
63117
63119
63123
63124
63131
63131
63131
63135
63135
63166
63171
63178
63187
63188
63195
63200
63200
63207
63209
63209
63228
63230
63230
63232
63233
63233
63237
63238
63246
63247
63254
63266
63270
63272
63272
63273
63276
63277
63278
63282
63285
63285
63287
63290
63296
63297
63302
63317
63328
63333
63346
63346
63348
63350
63357
63358
63359
63359
63363
63364
63368
63369
63372
63372
63375
63375
63375
63380
63380
63389
63399
63399
63405
63407
63408
63424
63430
63434
63442
63448
63453
63463
63469
63479
63479
63481
63482
63485
63486
63487
63492
63493
63494
63499
63507
63508
63509
63517
63517
63527
63530
63531
63540
63541
63541
63547
63549
63560
63563
63568
63569
63569
63571
63573
63573
63583
63588
63588
63590
63606
63615
63619
63623
63624
63624
63627
63628
63642
63645
63648
63651
63653
63660
63671
63672
63676
63676
63677
63684
63686
63688
63689
63689
63694
63694
63700
63702
63707
63708
63709
63712
63714
63715
63733
63734
63736
63736
63746
63747
63748
63753
63765
63766
63774
63775
63777
63778
63781
63784
63784
63784
63793
63794
63798
63806
63811
63814
63817
63821
63828
63832
63834
63842
63849
63849
63854
63860
63863
63867
63878
63878
63888
63905
63905
63906
63907
63919
63923
63924
63926
63928
63933
63935
63939
63940
63941
63941
63944
63946
63957
63962
63964
63964
63965
63977
63977
63980
63981
63982
63985
63987
63987
63990
63993
63997
63997
63997
64002
64005
64006
64006
64012
64015
64022
64025
64027
64043
64044
64047
64048
64049
64059
64062
64067
64071
64077
64078
64080
64080
64081
64086
64089
64096
64097
64100
64100
64105
64109
64123
64127
64131
64137
64143
64146
64148
64149
64153
64163
64168
64171
64171
64175
64182
64189
64191
64193
64200
64205
64209
64213
64229
64237
64239
64241
64241
64249
64254
64260
64261
64262
64262
64263
64267
64267
64274
64282
64283
64286
64289
64295
64303
64306
64306
64312
64322
64325
64327
64336
64343
64349
64361
64364
64369
64374
64376
64377
64385
64390
64394
64398
64398
64413
64418
64423
64424
64426
64429
64433
64443
64445
64446
64459
64461
64461
64466
64475
64476
64490
64493
64494
64498
64499
64500
64502
64504
64510
64511
64516
64520
64521
64534
64550
64566
64573
64575
64581
64583
64596
64601
64603
64613
64615
64622
64624
64633
64633
64633
64640
64642
64642
64644
64646
64651
64652
64653
64657
64662
64664
64666
64668
64669
64669
64673
64675
64676
64686
64687
64688
64689
64691
64691
64709
64719
64728
64740
64743
64747
64749
64750
64753
64755
64759
64759
64761
64763
64764
64765
64769
64777
64778
64780
64786
64787
64789
64799
64800
64814
64815
64818
64819
64825
64842
64843
64853
64853
64855
64858
64865
64870
64887
64888
64891
64895
64897
64897
64897
64902
64905
64911
64911
64917
64919
64923
64924
64932
64936
64937
64941
64943
64946
64947
64949
64949
64951
64957
64957
64962
64968
64973
64978
64981
64988
64989
64993
65002
65002
65004
65005
65007
65008
65018
65031
65033
65041
65048
65074
65076
65080
65085
65093
65098
65099
65105
65106
65106
65107
65109
65109
65110
65113
65115
65118
65119
65122
65126
65128
65135
65139
65144
65146
65148
65160
65161
65161
65163
65169
65169
65175
65187
65188
65192
65198
65199
65205
65212
65228
65230
65230
65231
65243
65243
65244
65255
65265
65268
65268
65275
65280
65289
65289
65291
65293
65305
65310
65313
65315
65320
65323
65323
65324
65335
65343
65345
65346
65346
65357
65360
65361
65374
65379
65379
65387
65387
65388
65391
65394
65396
65402
65405
65414
65416
65418
65433
65448
65461
65462
65470
65475
65488
65491
65495
65496
65507
65511
65525
65527
65529
65529
65531
