26
50
50
68
165
188
256
274
298
300
367
410
500
569
581
619
625
653
680
689
722
865
889
925
1004
1005
1018
1086
1137
1137
1141
1179
1233
1234
1280
1281
1292
1309
1318
1363
1477
1511
1530
1542
1575
1598
1638
1649
1689
1722
1725
1775
1816
1833
1870
1931
1992
1994
2010
2048
2161
2292
2305
2324
2334
2386
2410
2413
2413
2474
2492
2493
2533
2539
2565
2592
2612
2615
2640
2640
2655
2661
2716
2720
2767
2859
2922
2959
2964
2989
3034
3034
3056
3064
3100
3144
3171
3184
3224
3241
3245
3277
3340
3340
3368
3396
3407
3510
3614
3635
3682
3725
3799
3812
3944
4011
4018
4023
4025
4035
4073
4088
4142
4222
4256
4263
4329
4397
4405
4416
4431
4452
4482
4482
4543
4604
4621
4686
4697
4750
4777
4836
5024
5132
5155
5168
5191
5206
5222
5256
5261
5403
5440
5446
5450
5493
5493
5497
5529
5566
5575
5583
5592
5628
5630
5763
5789
5792
5798
5845
5848
5848
5876
5890
5894
5938
5941
5978
6052
6114
6164
6218
6255
6294
6321
6399
6460
6485
6492
6517
6527
6560
6604
6653
6696
6704
6714
6717
6727
6750
6771
6847
6909
7004
7007
7051
7052
7053
7055
7101
7153
7161
7196
7226
7257
7271
7283
7335
7345
7345
7356
7359
7365
7383
7470
7484
7531
7544
7576
7599
7611
7666
7674
7678
7711
7712
7715
7733
7743
7773
7783
7876
7902
7913
7924
7937
7987
8032
8032
8041
8050
8106
8121
8143
8172
8209
8263
8281
8291
8314
8415
8440
8444
8463
8492
8530
8531
8606
8652
8665
8668
8720
8759
8769
8788
8846
8958
9007
9114
9128
9163
9213
9225
9298
9310
9310
9337
9344
9393
9477
9502
9507
9514
9570
9690
9733
9749
9749
9777
9782
9849
9896
9989
10020
10115
10138
10220
10221
10262
10267
10275
10281
10296
10349
10358
10361
10379
10397
10473
10491
10494
10531
10582
10602
10616
10643
10665
10727
10739
10779
10871
10890
10894
10917
10960
11017
11045
11053
11066
11077
11100
11120
11120
11137
11158
11177
11181
11221
11227
11243
11246
11247
11306
11378
11386
11407
11465
11479
11501
11548
11553
11577
11580
11592
11671
11711
11721
11732
11821
11843
11905
11958
11975
11990
11994
12029
12041
12056
12099
12108
12112
12113
12166
12227
12269
12285
12294
12308
12338
12343
12418
12427
12474
12520
12702
12716
12758
12770
12792
12801
12845
12894
12986
12991
13007
13010
13042
13081
13124
13144
13164
13221
13234
13242
13277
13288
13314
13358
13405
13406
13418
13495
13508
13573
13575
13610
13674
13690
13738
13761
13785
13795
13818
13989
14019
14069
14080
14155
14159
14198
14238
14289
14294
14309
14310
14343
14379
14432
14449
14498
14550
14558
14616
14616
14679
14724
14741
14753
14767
14772
14789
14824
14855
14862
14864
14892
14909
14946
14948
14982
15024
15050
15091
15093
15120
15121
15123
15172
15173
15249
15262
15264
15287
15326
15352
15449
15460
15525
15536
15538
15541
15566
15599
15651
15655
15676
15717
15758
15793
15850
15920
15956
16055
16068
16136
16206
16297
16329
16338
16382
16402
16516
16540
16550
16552
16589
16614
16670
16673
16705
16709
16746
16807
16819
16847
16862
16889
16913
16950
17011
17024
17104
17134
17138
17150
17166
17174
17222
17238
17301
17348
17382
17388
17427
17485
17502
17529
17553
17565
17642
17673
17687
17760
17761
17796
17841
17946
17956
17971
18015
18051
18066
18117
18148
18172
18194
18303
18348
18464
18481
18521
18527
18580
18630
18639
18702
18704
18712
18772
18795
18799
18849
18853
18857
18859
19015
19025
19027
19080
19080
19087
19110
19131
19132
19135
19183
19194
19202
19224
19232
19252
19260
19272
19308
19339
19342
19456
19456
19509
19515
19620
19631
19637
19640
19684
19714
19716
19727
19727
19755
19766
19775
19830
19851
19869
19896
19931
19981
20012
20032
20036
20112
20267
20269
20298
20299
20345
20345
20355
20372
20375
20408
20410
20474
20484
20506
20514
20582
20614
20644
20844
20885
20885
20901
20936
20952
20967
21007
21021
21054
21058
21074
21099
21189
21222
21228
21288
21302
21318
21318
21357
21362
21376
21485
21493
21652
21661
21715
21731
21775
21835
21842
21856
21857
21934
21936
21954
21966
21971
22049
22049
22077
22087
22098
22127
22146
22187
22196
22202
22241
22311
22355
22379
22507
22509
22512
22603
22611
22717
22745
22855
22861
22873
22889
22923
22996
23010
23014
23037
23051
23075
23076
23081
23092
23106
23110
23118
23134
23185
23249
23315
23323
23365
23368
23386
23488
23500
23515
23532
23586
23611
23616
23622
23728
23765
23786
23790
23796
23958
23976
24081
24124
24137
24145
24189
24225
24235
24298
24327
24348
24363
24436
24486
24494
24545
24558
24581
24602
24603
24623
24709
24710
24739
24748
24764
24833
24844
24876
24898
24926
24950
24952
25007
25037
25048
25076
25220
25236
25269
25314
25363
25393
25434
25495
25518
25524
25527
25548
25569
25577
25592
25593
25606
25628
25659
25669
25674
25755
25760
25776
25791
25792
25819
25833
25867
25869
25902
25908
25921
25924
25937
25938
25956
25973
26035
26049
26097
26115
26146
26147
26199
26207
26210
26320
26324
26328
26335
26361
26390
26458
26473
26482
26495
26553
26572
26624
26637
26659
26690
26791
26795
26887
26944
27124
27141
27144
27146
27152
27181
27190
27204
27212
27253
27273
27401
27420
27432
27478
27505
27597
27602
27638
27783
27787
27808
27868
27869
27886
27912
27955
28036
28042
28057
28058
28073
28170
28193
28221
28291
28367
28412
28485
28518
28552
28560
28572
28578
28580
28602
28605
28617
28657
28676
28742
28805
28830
28839
28905
28928
28980
28996
29003
29013
29043
29129
29173
29202
29215
29225
29266
29312
29317
29333
29359
29381
29410
29434
29439
29445
29452
29464
29487
29564
29565
29575
29583
29717
29765
29768
29780
29785
29816
29849
29876
29907
29908
29925
29926
29935
29942
29972
30005
30024
30049
30076
30081
30089
30105
30120
30153
30178
30231
30345
30376
30391
30457
30479
30521
30535
30547
30561
30646
30681
30684
30711
30712
30731
30801
30801
30803
30810
30846
30855
30894
30927
30933
30956
30960
30985
31004
31025
31034
31042
31043
31050
31120
31163
31207
31211
31302
31316
31339
31352
31360
31473
31481
31481
31507
31531
31559
31560
31598
31603
31614
31620
31706
31724
31767
31775
31776
31778
31784
31834
31844
31848
31898
31959
31977
31990
32025
32068
32070
32085
32211
32234
32239
32252
32297
32297
32335
32358
32358
32369
32375
32431
32433
32439
32470
32488
32489
32496
32536
32541
32560
32564
32589
32606
32646
32737
32803
32851
32867
32872
32882
32887
32933
33001
33118
33237
33252
33267
33292
33324
33348
33362
33365
33406
33443
33468
33474
33498
33509
33568
33602
33616
33656
33740
33758
33849
33878
33899
33927
33963
33982
33986
34022
34082
34088
34096
34248
34257
34274
34344
34363
34371
34372
34410
34416
34417
34455
34474
34491
34528
34606
34670
34692
34722
34723
34765
34770
34851
34881
34922
34930
34958
34974
34998
35003
35025
35073
35084
35128
35178
35226
35248
35269
35275
35276
35278
35293
35309
35354
35355
35381
35402
35441
35452
35469
35475
35483
35500
35538
35539
35570
35604
35610
35642
35680
35696
35713
35735
35796
35796
35822
35838
35919
35946
35980
36092
36140
36232
36248
36266
36287
36296
36313
36400
36479
36490
36600
36603
36615
36649
36654
36701
36711
36743
36771
36787
36792
36797
36865
36870
36890
36890
36892
36902
37001
37005
37015
37018
37028
37115
37140
37222
37238
37241
37263
37295
37316
37323
37332
37350
37381
37407
37473
37477
37564
37567
37583
37618
37650
37654
37698
37714
37759
37779
37785
37800
37824
37862
37891
38139
38180
38190
38210
38216
38228
38231
38234
38257
38316
38332
38336
38339
38389
38455
38482
38704
38710
38741
38875
38883
38906
38944
38950
38991
39073
39118
39129
39148
39287
39329
39463
39481
39518
39534
39534
39542
39554
39583
39590
39618
39621
39652
39679
39773
39785
39794
39822
39872
39900
39909
39913
39925
39925
39977
39977
39988
40005
40055
40135
40141
40227
40317
40432
40518
40590
40612
40705
40745
40754
40781
40784
40810
40812
40817
40850
40852
40890
40896
40898
40961
40963
41054
41083
41165
41189
41220
41227
41245
41332
41365
41376
41444
41459
41465
41503
41544
41563
41571
41598
41623
41626
41686
41715
41716
41743
41767
41781
41795
41856
41861
41892
41902
41925
41930
41972
42099
42152
42165
42177
42178
42273
42345
42415
42423
42449
42473
42505
42525
42528
42589
42592
42593
42647
42648
42648
42657
42676
42681
42859
42863
42875
42894
42903
42912
42970
42978
42984
42990
43089
43141
43222
43244
43247
43269
43312
43336
43353
43362
43382
43496
43520
43550
43554
43670
43670
43681
43709
43734
43760
43770
43790
43860
43860
43901
44001
44014
44065
44073
44080
44107
44128
44147
44167
44169
44235
44273
44285
44354
44419
44425
44452
44453
44454
44501
44559
44576
44600
44604
44606
44699
44726
44747
44776
44807
44807
44837
44861
44869
44871
44913
44926
44986
45018
45036
45063
45087
45105
45154
45164
45241
45254
45274
45341
45358
45359
45363
45370
45429
45490
45490
45490
45507
45523
45544
45564
45585
45598
45603
45614
45662
45683
45755
45807
45815
45828
45923
45938
46012
46073
46151
46225
46229
46322
46352
46357
46399
46401
46485
46521
46585
46610
46612
46662
46808
46822
46827
46843
46851
46868
46872
46895
46906
46921
46938
47083
47153
47193
47221
47229
47244
47245
47276
47290
47333
47353
47357
47404
47419
47458
47519
47591
47614
47622
47625
47647
47682
47782
47857
47879
47914
47930
47974
48111
48190
48191
48292
48301
48331
48357
48387
48406
48445
48530
48539
48541
48573
48576
48591
48597
48599
48607
48612
48649
48733
48756
48836
48871
48917
48937
48950
49077
49172
49271
49356
49360
49366
49428
49434
49507
49512
49632
49669
49713
49721
49723
49767
49794
49845
49923
49938
49981
50022
50034
50114
50127
50140
50141
50258
50263
50274
50321
50351
50391
50394
50438
50489
50498
50545
50562
50632
50677
50725
50746
50820
50826
50833
50874
50884
50946
50973
51038
51058
51060
51071
51107
51148
51167
51190
51209
51220
51241
51247
51258
51264
51272
51324
51369
51401
51437
51484
51494
51533
51569
51646
51666
51740
51785
51805
51838
51866
51899
51922
51977
52070
52083
52084
52118
52224
52253
52334
52337
52480
52504
52518
52698
52753
52755
52764
52798
52819
52824
52830
52854
52869
52876
52882
52949
53046
53049
53090
53123
53131
53157
53182
53185
53198
53264
53271
53307
53332
53424
53433
53460
53497
53510
53538
53696
53703
53727
53734
53777
53804
53816
53930
53949
53950
53956
54062
54063
54067
54078
54108
54134
54140
54178
54212
54239
54252
54293
54310
54331
54372
54385
54425
54434
54517
54526
54540
54543
54582
54610
54704
54711
54727
54804
54857
54880
54906
54960
54975
55007
55056
55209
55249
55265
55271
55324
55342
55432
55432
55439
55491
55509
55527
55547
55593
55645
55647
55651
55703
55705
55710
55733
55743
55752
55794
55820
55839
55859
55951
55960
55982
55997
56040
56093
56163
56189
56197
56245
56276
56357
56374
56396
56400
56408
56502
56559
56656
56800
56805
56826
56875
56879
56958
56958
56977
56983
57035
57127
57145
57181
57202
57248
57327
57397
57419
57438
57457
57504
57550
57555
57590
57591
57604
57607
57643
57662
57687
57750
57761
57764
57793
57851
57881
57898
57902
57910
57926
57935
58035
58040
58042
58106
58108
58116
58140
58172
58191
58208
58225
58278
58294
58405
58421
58461
58489
58499
58513
58525
58532
58555
58559
58560
58591
58605
58623
58630
58641
58659
58661
58695
58733
58735
58819
58829
58837
58878
59010
59062
59113
59177
59244
59290
59344
59363
59406
59420
59499
59502
59521
59535
59539
59572
59685
59702
59828
59853
59936
59940
59985
60011
60063
60095
60125
60153
60181
60246
60250
60255
60263
60307
60325
60382
60517
60538
60592
60609
60612
60638
60697
60719
60721
60752
60828
60860
60897
60915
60959
60968
60971
60998
61150
61199
61206
61206
61224
61229
61233
61238
61290
61322
61393
61457
61483
61548
61567
61576
61660
61661
61683
61713
61781
61791
61799
61817
61876
61878
62006
62022
62080
62087
62087
62102
62118
62167
62195
62208
62215
62270
62295
62338
62374
62377
62384
62390
62401
62407
62423
62461
62468
62474
62518
62550
62551
62555
62617
62626
62644
62679
62769
62797
62808
62850
62851
62857
62879
62960
62977
63008
63009
63015
63023
63029
63040
63077
63135
63188
63207
63228
63230
63272
63276
63424
63479
63615
63677
63694
63806
63905
63933
63935
63997
64006
64048
64080
64146
64171
64171
64209
64237
64267
64364
64374
64390
64429
64520
64615
64640
64642
64653
64657
64664
64686
64691
64759
64778
64786
64814
64887
64911
64932
64936
64957
65018
65041
65109
65109
65126
65163
65244
65320
65323
65343
65346
65346
