0,1 12
0,5 2
0,7 9
0,16 9
0,21 31
0,30 6
1,2 4
1,22 25
1,26 24
2,1 25
2,7 15
3,5 8
3,12 30
3,21 17
4,13 1
4,15 19
4,20 25
4,23 5
4,25 3
4,27 7
4,28 24
4,29 16
5,0 0
5,2 16
5,7 20
5,11 24
5,16 24
5,24 10
5,26 11
5,27 24
5,30 19
6,3 12
6,12 0
6,18 0
6,24 26
6,27 1
7,11 31
7,18 1
7,19 11
7,21 7
7,24 11
8,11 14
8,27 7
9,2 23
9,4 11
9,7 14
9,15 22
9,25 14
10,1 10
10,11 8
10,12 1
10,15 17
10,30 23
11,6 26
11,12 8
11,22 28
11,23 7
11,24 12
11,26 3
12,2 3
12,10 9
12,15 5
12,18 15
12,28 1
13,3 22
13,5 20
13,21 30
13,23 10
13,27 2
14,2 19
14,16 25
14,24 10
14,25 16
15,1 10
15,20 27
15,29 14
16,8 18
16,13 20
16,17 30
16,20 19
16,24 28
17,3 14
17,6 25
17,12 22
17,21 15
17,26 5
17,27 23
17,28 28
17,29 31
18,7 13
18,9 10
18,11 4
18,19 27
18,24 5
18,26 7
18,27 31
19,10 28
19,15 11
19,18 25
19,20 8
19,21 31
19,24 19
19,25 15
20,30 5
21,2 26
21,3 23
21,4 22
21,5 29
21,15 11
21,23 14
22,7 25
22,25 29
23,9 3
23,11 28
23,12 12
23,24 30
23,30 23
24,11 5
24,23 10
24,25 4
24,26 26
24,28 3
24,29 24
25,1 0
25,7 24
25,16 9
25,19 26
25,20 6
26,1 20
26,3 29
26,19 12
26,23 3
26,25 25
26,31 13
27,3 13
27,10 1
28,5 13
28,9 19
28,18 23
28,19 15
28,20 11
28,21 9
28,31 3
29,3 12
29,9 15
29,18 22
29,26 21
29,28 9
30,10 21
30,13 15
30,14 19
30,25 27
30,27 27
30,28 10
31,2 4
31,11 26
31,16 16
31,19 2
31,20 28
31,30 18
