0,4 45
0,15 7
0,39 31
0,46 50
1,44 2
1,46 6
1,48 44
1,50 0
1,54 7
2,4 11
2,8 58
2,10 35
2,16 17
2,45 42
2,47 36
2,51 29
2,58 5
3,20 52
3,29 25
3,61 29
4,16 4
4,22 49
4,37 5
4,40 10
4,41 21
4,45 61
4,47 2
4,57 28
5,0 26
5,1 0
5,10 13
5,11 10
5,13 18
5,27 18
5,42 7
5,50 4
6,11 40
6,19 58
6,20 11
6,23 16
6,27 49
6,44 34
6,54 41
7,9 21
7,37 24
7,52 55
7,55 41
7,58 19
7,60 32
8,0 20
8,4 23
8,18 7
8,21 38
8,29 25
8,57 41
8,58 20
9,17 54
9,20 59
9,31 55
9,38 34
9,47 43
9,53 1
9,60 47
9,61 7
10,1 43
10,3 19
10,9 41
10,28 58
10,45 17
10,59 3
11,24 60
11,35 34
11,42 52
11,51 18
12,21 8
12,37 14
12,41 8
12,55 19
13,3 34
13,16 32
13,17 30
13,29 21
13,30 25
13,44 49
13,49 15
13,57 48
14,16 38
14,40 26
14,53 33
14,58 59
14,62 55
15,2 40
15,18 30
15,26 47
15,28 40
15,33 37
15,35 4
15,48 58
15,62 2
16,2 4
16,7 5
16,12 22
16,14 38
16,20 61
16,24 8
16,29 56
16,41 53
16,47 61
16,58 12
17,22 16
17,26 37
17,44 54
17,52 35
18,33 12
18,49 56
18,58 35
18,60 28
18,61 28
18,63 0
19,25 60
20,4 14
20,23 32
20,37 63
20,52 55
20,60 29
20,61 43
21,22 2
21,26 46
21,30 46
21,31 57
21,34 21
21,59 48
22,2 25
22,12 29
22,20 48
22,21 28
22,37 48
22,44 63
22,49 42
22,54 61
22,57 46
23,1 36
23,16 50
23,17 6
23,18 61
23,33 11
23,37 23
23,49 14
23,58 24
24,26 19
24,30 2
25,16 38
25,27 43
25,41 54
25,51 61
25,59 11
25,62 24
26,2 24
26,9 30
26,21 59
26,24 48
26,33 14
26,47 62
27,2 42
27,8 24
27,41 52
27,43 63
27,45 5
27,49 60
27,50 43
27,52 44
28,6 36
28,58 39
28,63 11
29,20 25
29,37 18
29,44 47
29,51 61
29,54 38
29,56 53
30,1 36
30,3 54
30,15 63
30,23 56
30,34 51
30,49 20
30,53 53
30,56 5
30,57 54
30,61 40
31,1 62
31,15 8
31,17 0
31,19 4
31,20 52
31,22 23
31,25 16
31,52 14
31,60 14
31,62 34
32,5 58
32,21 49
32,22 33
32,44 46
32,63 50
33,8 58
33,11 9
33,58 7
34,13 58
34,16 54
34,26 7
34,43 4
34,62 5
35,4 22
35,5 33
35,8 42
35,18 55
35,20 5
35,23 37
35,32 33
35,44 30
35,56 45
35,58 1
36,25 6
36,33 15
36,34 42
36,52 63
36,54 44
36,57 7
37,4 58
37,5 16
37,11 43
37,17 12
37,25 59
37,48 12
37,52 6
37,63 62
38,6 18
38,7 41
38,21 9
38,39 50
38,46 26
39,3 19
39,15 1
39,30 36
39,46 46
39,56 17
40,9 50
40,13 36
40,14 59
40,28 33
40,44 2
41,10 38
41,12 40
41,23 61
41,28 42
41,38 42
41,42 9
41,51 44
41,53 44
41,54 34
41,63 60
42,3 33
42,4 47
42,17 24
42,33 2
42,34 2
42,38 46
42,41 59
42,44 35
42,48 7
42,49 9
42,51 63
43,18 50
43,33 40
43,41 10
43,50 30
44,14 3
44,22 59
44,36 40
44,46 11
44,57 24
44,59 59
45,17 48
45,19 24
45,41 11
45,57 9
45,60 6
46,3 40
46,12 62
46,17 58
46,29 54
46,30 60
46,34 55
46,40 57
46,57 33
47,2 41
47,4 46
47,15 10
47,25 46
47,31 40
47,34 60
49,11 53
49,13 47
49,14 50
49,29 58
49,34 62
49,57 35
49,59 44
50,3 53
50,14 30
50,62 13
51,3 35
51,14 53
51,25 10
51,36 49
51,57 0
51,58 23
52,12 60
52,19 29
52,28 44
52,30 12
52,45 44
52,50 48
52,51 27
53,33 23
53,46 15
54,1 50
54,4 37
54,7 32
54,35 23
54,41 35
54,43 6
55,5 38
55,6 47
55,18 15
55,24 12
55,32 41
55,47 50
55,62 27
56,2 35
56,8 42
56,9 63
56,45 16
56,48 31
56,49 40
56,63 42
57,11 38
57,20 5
57,21 29
57,42 5
57,43 3
57,51 52
58,1 29
58,5 58
58,8 52
58,13 17
58,37 44
58,42 62
59,9 57
59,35 59
60,0 57
60,6 56
60,16 38
60,29 14
60,51 53
61,15 3
61,17 31
61,27 27
61,42 34
61,46 4
61,55 60
62,1 22
62,9 56
62,23 35
62,39 24
62,45 61
62,52 36
63,1 53
63,5 56
63,7 49
63,17 13
63,18 21
63,61 43
