0,38 112
0,71 103
0,104 72
0,120 34
1,27 59
1,30 3
1,48 8
1,76 60
1,90 47
1,92 21
1,111 85
1,114 6
1,116 91
2,10 0
2,17 17
2,18 31
2,21 53
2,23 94
2,46 3
2,76 48
2,77 119
2,82 65
2,117 59
2,125 15
3,0 110
3,6 39
3,65 76
3,93 108
3,109 25
3,122 8
4,0 16
4,7 28
4,11 0
4,25 99
4,35 78
4,37 46
4,78 126
4,85 42
4,98 82
4,124 49
5,7 118
5,20 57
5,22 108
5,80 65
5,124 60
6,5 39
6,10 72
6,40 29
6,46 79
6,49 83
6,52 44
6,66 9
6,92 16
6,122 105
7,16 60
7,76 102
7,104 65
8,9 82
8,26 91
8,33 18
8,35 109
8,38 63
8,53 100
8,65 121
8,122 85
9,8 119
9,28 69
9,50 21
9,53 5
9,76 35
9,83 10
9,102 72
9,122 116
10,8 11
10,30 40
10,31 82
10,38 87
10,53 108
10,65 112
10,119 71
10,127 45
11,40 120
11,74 76
11,81 97
11,87 43
11,92 79
11,100 24
11,104 38
11,113 70
11,116 3
11,125 12
12,31 120
12,47 74
12,49 16
12,80 18
12,84 44
12,89 122
12,90 94
13,31 51
13,120 56
14,52 109
14,55 99
14,62 1
14,79 106
14,82 35
14,89 31
14,115 1
14,118 40
15,41 80
15,60 43
15,79 65
15,88 61
15,99 91
15,113 47
15,121 65
16,14 51
16,32 9
16,35 0
16,38 0
16,64 1
16,75 105
16,90 121
16,123 24
17,9 50
17,26 47
17,30 64
17,31 57
17,38 14
17,40 91
17,47 112
17,56 80
17,63 66
17,67 10
17,79 54
17,127 107
18,3 121
18,5 51
18,27 94
18,31 35
18,40 85
18,57 116
18,87 18
18,110 77
18,116 46
19,55 86
19,72 6
19,95 102
19,118 91
20,28 95
20,55 56
20,80 72
20,87 20
20,124 46
21,40 35
21,47 98
21,55 45
21,64 11
21,89 31
22,70 75
22,86 48
22,87 83
22,119 77
22,125 16
23,15 92
23,44 114
23,65 41
23,82 30
23,86 105
23,87 114
23,121 111
23,123 96
23,127 62
24,0 123
24,29 107
24,30 89
24,39 11
24,60 82
24,69 84
25,5 67
25,32 101
25,35 116
25,47 2
25,71 93
25,84 101
25,107 90
25,123 97
26,56 43
26,86 86
26,88 84
26,104 35
27,4 90
27,31 49
27,36 64
27,57 79
27,68 65
27,73 72
27,81 107
27,94 33
27,113 47
28,4 85
28,37 61
28,79 6
29,2 44
29,6 3
29,28 74
29,53 85
29,67 24
29,72 87
29,96 87
29,109 94
29,120 70
29,122 72
29,127 104
30,2 66
30,13 114
30,22 83
30,38 57
30,73 106
30,96 43
30,107 28
31,8 45
31,22 114
31,25 36
31,47 97
31,65 70
31,67 34
31,71 45
32,23 47
32,87 9
32,125 126
33,15 36
33,30 86
33,53 114
33,89 101
34,14 25
34,17 64
34,78 97
34,93 35
34,107 120
34,122 19
35,27 57
35,40 67
35,57 0
35,61 106
35,83 75
35,87 41
35,109 91
36,4 100
36,9 17
36,95 76
37,42 47
37,55 118
37,105 72
37,113 47
37,116 39
37,121 29
37,123 68
38,20 3
38,26 119
38,47 25
38,105 126
38,114 102
39,41 86
39,51 127
39,72 65
39,119 8
39,122 5
39,123 98
40,8 81
40,28 66
40,83 77
40,113 53
40,114 5
41,3 17
41,30 109
41,45 69
41,51 30
41,56 105
41,75 104
41,97 111
41,111 21
42,26 97
42,31 33
42,32 123
42,60 89
42,75 24
42,82 68
42,113 14
42,122 12
42,126 60
43,7 126
43,10 4
43,25 31
43,40 73
43,69 35
43,102 75
43,116 119
44,16 49
44,29 76
44,31 29
44,32 115
44,37 93
44,56 74
44,98 102
44,125 123
45,32 126
45,34 58
45,41 114
45,57 4
45,73 103
45,84 54
45,99 21
45,108 35
45,121 53
45,124 1
46,28 75
46,57 64
46,124 72
47,50 84
48,17 87
48,49 35
48,54 94
48,61 101
48,74 69
48,99 70
48,103 0
48,115 24
49,6 57
49,21 104
49,23 97
49,41 78
49,59 22
49,60 11
49,62 106
49,79 74
49,82 51
49,94 122
49,101 124
49,117 120
50,9 110
50,10 43
50,13 67
50,27 8
50,60 52
50,103 119
50,127 29
51,14 76
51,44 65
51,48 42
51,59 64
51,81 60
51,102 61
51,125 126
52,45 37
52,105 111
53,48 32
53,71 16
53,89 26
54,0 89
54,29 104
54,67 108
54,76 93
54,88 124
54,118 78
54,123 67
54,125 8
55,3 7
55,9 10
55,19 86
55,21 96
55,63 16
55,64 9
55,71 56
55,78 81
55,98 91
55,117 111
56,2 15
56,4 84
56,20 50
56,24 54
56,36 85
56,52 67
56,63 26
56,96 13
56,126 84
57,0 51
57,33 30
57,34 45
57,37 34
57,54 91
57,62 36
57,125 108
58,7 33
58,19 102
58,67 88
58,85 123
58,122 18
59,15 54
59,50 122
59,70 26
59,104 68
60,2 104
60,27 110
60,33 111
60,66 5
60,73 9
60,78 96
60,92 118
60,106 5
60,116 73
60,118 59
61,12 76
61,13 24
61,30 39
61,35 31
61,42 64
61,50 85
61,75 71
61,97 88
61,124 60
62,19 97
62,24 73
62,47 42
62,53 41
62,54 58
62,113 21
63,2 96
63,18 38
63,24 95
63,34 7
63,46 103
63,100 0
64,31 96
64,81 53
64,91 76
64,107 17
64,117 126
65,45 57
65,62 112
65,85 41
65,90 19
65,110 81
65,121 102
65,125 122
66,26 56
66,27 90
66,61 115
66,83 61
66,85 114
66,100 110
66,113 41
66,117 111
67,4 82
67,14 88
67,24 13
67,30 50
67,73 25
67,97 55
67,106 14
67,122 55
68,57 57
68,81 7
68,91 119
68,95 54
68,100 45
68,107 11
68,110 84
68,114 120
68,116 94
68,124 3
69,7 55
69,85 43
69,107 9
70,18 6
70,45 77
70,63 121
70,89 36
71,8 123
71,16 30
71,23 46
71,36 6
71,59 35
71,60 41
71,70 120
71,72 95
71,83 13
71,90 107
71,96 82
71,97 96
71,100 58
71,109 124
71,120 108
72,5 86
72,16 60
72,42 49
72,55 68
72,64 63
72,90 38
72,118 65
72,126 24
73,12 63
73,24 46
73,37 72
73,59 50
73,60 51
73,65 2
73,106 45
74,29 74
74,49 33
74,57 35
74,59 1
74,62 75
74,87 108
74,88 100
74,122 10
75,9 107
75,14 49
75,21 14
75,37 102
75,57 98
75,78 119
75,87 19
75,104 100
75,122 94
76,45 27
76,89 25
76,110 9
76,124 73
77,3 58
77,25 103
77,42 125
77,44 25
77,51 102
77,52 54
77,62 3
77,93 2
77,119 22
77,123 121
77,125 27
78,64 68
78,70 92
78,83 51
78,89 83
78,97 77
79,31 117
79,33 106
79,35 15
79,68 71
79,73 63
79,119 22
79,120 37
80,13 46
80,28 25
80,34 4
80,59 40
80,62 39
80,86 42
80,95 2
80,109 75
81,2 72
81,26 86
81,33 44
81,52 74
82,19 45
82,32 33
82,51 77
82,59 73
82,64 107
82,84 65
82,95 78
82,97 82
82,102 46
83,4 67
83,6 105
83,25 100
83,38 6
83,80 121
83,97 73
83,127 127
84,20 121
84,43 9
84,48 68
84,51 114
84,71 68
84,95 105
84,98 119
84,109 122
84,118 48
84,126 18
85,11 56
85,17 4
85,23 96
85,27 72
85,40 9
85,41 13
85,113 28
85,114 98
85,121 118
85,124 87
86,8 59
86,13 66
86,16 122
86,52 63
86,103 56
86,118 108
86,120 63
87,1 106
87,10 46
87,18 32
87,31 81
87,53 98
87,56 38
87,57 115
87,83 9
87,99 52
87,100 9
87,105 67
87,111 46
87,121 43
88,32 112
88,36 113
88,50 68
88,55 80
88,101 83
88,103 60
88,125 63
89,20 48
89,28 65
89,35 25
89,37 33
89,39 64
89,40 31
89,67 72
89,88 113
89,105 64
90,45 50
90,78 71
90,82 85
90,85 97
90,96 3
90,103 75
90,110 95
90,112 37
90,120 101
91,20 43
91,24 24
91,35 54
91,49 113
91,70 52
91,71 2
91,77 84
91,106 32
92,15 118
92,33 99
92,51 48
92,54 67
92,57 100
92,69 23
92,125 48
93,10 19
93,58 73
93,59 115
93,65 21
93,103 95
94,43 48
94,52 60
94,56 9
94,61 17
94,79 119
94,110 51
94,121 69
95,78 59
95,85 71
95,117 119
95,126 79
96,70 99
96,95 28
96,107 48
96,123 75
96,125 66
97,21 114
97,23 29
97,33 58
97,41 19
97,50 5
97,71 81
97,86 14
98,17 52
98,19 57
98,45 21
98,60 114
98,65 8
98,66 124
98,97 69
98,100 83
98,106 35
99,11 117
99,18 4
99,26 52
99,100 44
99,103 107
99,108 23
99,110 1
99,113 15
99,114 57
99,118 107
100,54 86
100,66 51
100,73 126
100,77 72
100,94 51
100,95 127
100,101 77
100,115 69
101,22 12
101,45 15
101,56 99
101,66 45
101,100 52
101,126 90
102,16 118
102,21 39
102,42 89
102,48 107
102,86 30
102,90 119
102,110 113
102,122 12
103,11 33
103,49 121
103,104 11
103,121 65
104,14 30
104,38 45
104,44 87
104,68 91
104,105 86
104,115 68
105,9 17
105,90 117
105,103 126
106,5 54
106,54 93
106,63 16
106,66 8
106,74 66
106,79 91
106,89 105
106,91 69
106,117 80
107,26 45
107,27 20
107,37 7
107,63 44
107,74 21
107,96 49
107,104 14
107,115 86
108,0 23
108,15 116
108,33 65
108,71 84
108,72 49
108,91 77
108,113 71
108,115 14
108,121 29
108,124 96
109,29 47
109,34 30
109,41 94
109,44 126
109,58 74
109,117 32
110,6 88
110,50 122
110,85 40
110,115 86
111,8 52
111,20 44
111,44 80
111,67 56
111,81 91
111,84 96
111,97 29
111,99 45
112,4 25
112,28 122
112,36 49
112,41 20
112,78 119
112,85 16
112,99 57
112,121 23
113,0 85
113,27 101
113,48 98
113,51 32
113,74 98
113,82 14
113,108 85
113,109 108
113,114 10
113,125 87
114,0 46
114,24 32
114,30 23
114,33 75
114,47 14
114,86 107
114,107 24
114,126 93
115,15 86
115,32 6
115,33 71
115,39 117
115,82 66
115,117 7
115,119 41
115,122 107
116,13 2
116,42 23
116,66 110
116,96 112
116,98 57
116,109 101
116,123 16
116,126 68
117,18 79
117,50 84
117,78 115
117,83 11
117,87 30
117,118 78
118,57 116
118,58 96
118,69 35
118,86 90
118,112 31
119,0 119
119,3 6
119,5 87
119,23 98
119,50 78
119,56 91
119,61 56
119,77 9
119,102 57
120,15 72
120,32 66
120,42 98
120,55 37
120,97 125
120,102 18
120,115 111
121,24 0
121,70 78
121,91 18
121,106 26
121,120 65
122,10 34
122,36 46
122,81 74
122,83 16
122,91 81
122,94 39
122,105 64
123,15 118
123,37 42
123,67 120
123,77 114
123,78 22
123,85 0
123,88 121
123,96 116
123,114 48
124,55 20
124,59 78
124,62 36
124,77 117
124,89 66
124,99 118
124,109 33
125,107 41
125,108 12
125,119 55
126,0 111
126,8 114
126,14 0
126,24 107
126,25 67
126,79 86
127,62 7
127,73 51
127,88 26
127,125 34
