33.2642
28.4371
43.6387
36.2473
0.0452409
12.8213
40.3833
13.8517
-9.14827
22.6215
-38.6667
17.7666
32.7419
12.9583
17.6389
-13.3337
-27.6102
19.3382
43.4035
-38.4651
-20.6892
-27.85
34.6053
48.9201
-34.676
-36.1481
41.284
6.31085
12.324
46.2805
-44.1152
34.8216
-10.1659
-3.23317
-36.6034
-25.7604
32.5001
-35.6617
-15.6461
-6.54889
39.5563
26.2912
38.2707
-46.5575
4.23008
-17.6228
26.3335
-9.23005
-23.7355
44.5752
45.3241
-15.7087
28.5054
54.6704
-32.7526
2.40371
-48.7159
36.5479
15.2557
-4.84936
-9.23289
-17.7215
47.3196
31.3028
-40.1781
17.4038
47.4262
36.3487
-43.726
-30.0794
-21.6803
-17.2328
-45.8492
20.3336
-40.5614
-9.53965
46.9591
-31.4996
-3.55733
-28.5889
29.2586
14.7938
-8.54863
66.0202
-15.6458
-24.4653
37.4039
-6.74977
-22.6512
9.62222
-17.5573
-12.2061
27.8779
25.0465
8.23983
-20.3941
-14.7551
-31.206
-5.08126
-21.2325
30.6051
-6.64022
-36.4096
-43.4384
-44.7881
-21.7413
20.2793
-32.7626
-25.4766
20.2741
40.2303
22.8857
-5.74693
-44.4243
4.26471
19.2775
-7.64568
49.8788
9.60622
-0.080725
