4 normal:
   A:33.2642 28.4371 43.6387 36.2473 
   B:0.0452409 12.8213 40.3833 13.8517 
   Result:1.5049 427.777 1709.89 2170.29 2620.91 2068.26 502.087 0 
4 FFT:
   A:33.2642 28.4371 43.6387 36.2473 
   B:0.0452409 12.8213 40.3833 13.8517 
   result:1.5049 427.777 1709.89 2170.29 2620.91 2068.26 502.087 4.54747e-13 
16 normal:
   A:33.2642 28.4371 43.6387 36.2473 0.0452409 12.8213 40.3833 13.8517 -9.14827 22.6215 -38.6667 17.7666 32.7419 12.9583 17.6389 -13.3337 
   B:-27.6102 19.3382 43.4035 -38.4651 -20.6892 -27.85 34.6053 48.9201 -34.676 -36.1481 41.284 6.31085 12.324 46.2805 -44.1152 34.8216 
   Result:-918.431 -141.884 788.832 -202.142 811.735 -1973.18 -2803.05 1599.34 2517.44 -819.517 -10.4873 -2320.34 -201.498 7991.04 -214.43 2016.48 913.474 -3260.34 4373.32 4968.24 -2422.22 -91.4214 1187.81 -2320.72 5011.23 -894.356 -92.8026 1220.48 -944.005 1202.43 -464.301 0 
16 FFT:
   A:33.2642 28.4371 43.6387 36.2473 0.0452409 12.8213 40.3833 13.8517 -9.14827 22.6215 -38.6667 17.7666 32.7419 12.9583 17.6389 -13.3337 
   B:-27.6102 19.3382 43.4035 -38.4651 -20.6892 -27.85 34.6053 48.9201 -34.676 -36.1481 41.284 6.31085 12.324 46.2805 -44.1152 34.8216 
   result:-918.431 -141.884 788.832 -202.142 811.735 -1973.18 -2803.05 1599.34 2517.44 -819.517 -10.4873 -2320.34 -201.498 7991.04 -214.43 2016.48 913.474 -3260.34 4373.32 4968.24 -2422.22 -91.4214 1187.81 -2320.72 5011.23 -894.356 -92.8026 1220.48 -944.005 1202.43 -464.301 1.13687e-13 
32 normal:
   A:33.2642 28.4371 43.6387 36.2473 0.0452409 12.8213 40.3833 13.8517 -9.14827 22.6215 -38.6667 17.7666 32.7419 12.9583 17.6389 -13.3337 -27.6102 19.3382 43.4035 -38.4651 -20.6892 -27.85 34.6053 48.9201 -34.676 -36.1481 41.284 6.31085 12.324 46.2805 -44.1152 34.8216 
   B:-10.1659 -3.23317 -36.6034 -25.7604 32.5001 -35.6617 -15.6461 -6.54889 39.5563 26.2912 38.2707 -46.5575 4.23008 -17.6228 26.3335 -9.23005 -23.7355 44.5752 45.3241 -15.7087 28.5054 54.6704 -32.7526 2.40371 -48.7159 36.5479 15.2557 -4.84936 -9.23289 -17.7215 47.3196 31.3028 
   Result:-338.161 -396.638 -1753.15 -2407.37 -1366.44 -2843.46 -1503.7 -1782.81 -2604.6 -186.111 4661.99 281.919 376.807 86.348 -3080.26 2347.4 641.133 -127.657 -245.933 1287.75 1450.72 9732.85 4014.81 2987.3 -1768.87 -4877.36 7386.13 5570.89 -5907.25 -6600.05 4237.36 962.189 11867.1 -2235.33 -4678.13 4792.61 2104.54 1376.47 -376.575 2741.5 -1298.68 265.748 -7290.67 12113 2612.89 -3997.47 -1598.11 842.366 5755 5391.22 -5770.42 -5117.69 4114.18 1191.74 4231.59 -6248.26 971.599 1690.39 199.002 3036.03 -1255.9 266.815 1090.01 0 
32 FFT:
   A:33.2642 28.4371 43.6387 36.2473 0.0452409 12.8213 40.3833 13.8517 -9.14827 22.6215 -38.6667 17.7666 32.7419 12.9583 17.6389 -13.3337 -27.6102 19.3382 43.4035 -38.4651 -20.6892 -27.85 34.6053 48.9201 -34.676 -36.1481 41.284 6.31085 12.324 46.2805 -44.1152 34.8216 
   B:-10.1659 -3.23317 -36.6034 -25.7604 32.5001 -35.6617 -15.6461 -6.54889 39.5563 26.2912 38.2707 -46.5575 4.23008 -17.6228 26.3335 -9.23005 -23.7355 44.5752 45.3241 -15.7087 28.5054 54.6704 -32.7526 2.40371 -48.7159 36.5479 15.2557 -4.84936 -9.23289 -17.7215 47.3196 31.3028 
   result:-338.161 -396.638 -1753.15 -2407.37 -1366.44 -2843.46 -1503.7 -1782.81 -2604.6 -186.111 4661.99 281.919 376.807 86.348 -3080.26 2347.4 641.133 -127.657 -245.933 1287.75 1450.72 9732.85 4014.81 2987.3 -1768.87 -4877.36 7386.13 5570.89 -5907.25 -6600.05 4237.36 962.189 11867.1 -2235.33 -4678.13 4792.61 2104.54 1376.47 -376.575 2741.5 -1298.68 265.748 -7290.67 12113 2612.89 -3997.47 -1598.11 842.366 5755 5391.22 -5770.42 -5117.69 4114.18 1191.74 4231.59 -6248.26 971.599 1690.39 199.002 3036.03 -1255.9 266.815 1090.01 5.68434e-13 
60 normal:
   A:33.2642 28.4371 43.6387 36.2473 0.0452409 12.8213 40.3833 13.8517 -9.14827 22.6215 -38.6667 17.7666 32.7419 12.9583 17.6389 -13.3337 -27.6102 19.3382 43.4035 -38.4651 -20.6892 -27.85 34.6053 48.9201 -34.676 -36.1481 41.284 6.31085 12.324 46.2805 -44.1152 34.8216 -10.1659 -3.23317 -36.6034 -25.7604 32.5001 -35.6617 -15.6461 -6.54889 39.5563 26.2912 38.2707 -46.5575 4.23008 -17.6228 26.3335 -9.23005 -23.7355 44.5752 45.3241 -15.7087 28.5054 54.6704 -32.7526 2.40371 -48.7159 36.5479 15.2557 -4.84936 
   B:-9.23289 -17.7215 47.3196 31.3028 -40.1781 17.4038 47.4262 36.3487 -43.726 -30.0794 -21.6803 -17.2328 -45.8492 20.3336 -40.5614 -9.53965 46.9591 -31.4996 -3.55733 -28.5889 29.2586 14.7938 -8.54863 66.0202 -15.6458 -24.4653 37.4039 -6.74977 -22.6512 9.62222 -17.5573 -12.2061 27.8779 25.0465 8.23983 -20.3941 -14.7551 -31.206 -5.08126 -21.2325 30.6051 -6.64022 -36.4096 -43.4384 -44.7881 -21.7413 20.2793 -32.7626 -25.4766 20.2741 40.2303 22.8857 -5.74693 -44.4243 4.26471 19.2775 -7.64568 49.8788 9.60622 -0.080725 
   Result:-307.125 -852.048 667.189 1278.88 975.86 2398.42 855.904 1625.48 4429.04 2419.75 -3607.57 -2026.07 -2802.4 -2740.13 -1819.04 -3542.33 -1143.75 -4177.83 -685.267 1278.54 2005.25 -3978.78 -3046.59 -1049.21 4502.78 6383.47 -7060.64 -4123.16 5119.54 10451.7 -4195.65 -4613.69 217.64 3362.93 6733.57 3095.78 -4267.05 -10644.7 7370.72 -2359.62 -10302.3 -5084.13 -638.75 -2366.94 -718.606 -5720.02 497.562 3003.23 -9934.57 7295.06 -17787.9 999.45 16204.8 -10273.6 -6165.54 9143.83 -376.775 -137.315 58.3052 -1530.18 1237.85 -11145.8 5921.84 9625.99 1142.52 -5607.33 -4149.16 -4863.59 6641.43 4718.29 -10139.8 -7403.7 5677.6 12063.9 -3412.45 1073.61 -858.609 -3463.74 4882.82 -1076.81 3762.85 2643.52 1159.94 -1512.58 -3715.13 -2880.99 5794.52 -2388.79 -5131.28 -5667.97 5420.31 3089.53 -2812.02 -2181.32 -10583 -2570.4 -1856.65 -1616.44 3101.79 5287.92 -2307.74 810.277 -3159.61 3372.99 2002.87 -5559.08 -2165.82 5823.07 1869.58 2336.3 1268.72 -2562.27 1158.36 -2410.18 1144.67 1153.03 -98.281 -47.8155 0.391465 0 
60 FFT:
   A:33.2642 28.4371 43.6387 36.2473 0.0452409 12.8213 40.3833 13.8517 -9.14827 22.6215 -38.6667 17.7666 32.7419 12.9583 17.6389 -13.3337 -27.6102 19.3382 43.4035 -38.4651 -20.6892 -27.85 34.6053 48.9201 -34.676 -36.1481 41.284 6.31085 12.324 46.2805 -44.1152 34.8216 -10.1659 -3.23317 -36.6034 -25.7604 32.5001 -35.6617 -15.6461 -6.54889 39.5563 26.2912 38.2707 -46.5575 4.23008 -17.6228 26.3335 -9.23005 -23.7355 44.5752 45.3241 -15.7087 28.5054 54.6704 -32.7526 2.40371 -48.7159 36.5479 15.2557 -4.84936 
   B:-9.23289 -17.7215 47.3196 31.3028 -40.1781 17.4038 47.4262 36.3487 -43.726 -30.0794 -21.6803 -17.2328 -45.8492 20.3336 -40.5614 -9.53965 46.9591 -31.4996 -3.55733 -28.5889 29.2586 14.7938 -8.54863 66.0202 -15.6458 -24.4653 37.4039 -6.74977 -22.6512 9.62222 -17.5573 -12.2061 27.8779 25.0465 8.23983 -20.3941 -14.7551 -31.206 -5.08126 -21.2325 30.6051 -6.64022 -36.4096 -43.4384 -44.7881 -21.7413 20.2793 -32.7626 -25.4766 20.2741 40.2303 22.8857 -5.74693 -44.4243 4.26471 19.2775 -7.64568 49.8788 9.60622 -0.080725 
   result:-307.125 -852.048 667.189 1278.88 975.86 2398.42 855.904 1625.48 4429.04 2419.75 -3607.57 -2026.07 -2802.4 -2740.13 -1819.04 -3542.33 -1143.75 -4177.83 -685.267 1278.54 2005.25 -3978.78 -3046.59 -1049.21 4502.78 6383.47 -7060.64 -4123.16 5119.54 10451.7 -4195.65 -4613.69 217.64 3362.93 6733.57 3095.78 -4267.05 -10644.7 7370.72 -2359.62 -10302.3 -5084.13 -638.75 -2366.94 -718.606 -5720.02 497.562 3003.23 -9934.57 7295.06 -17787.9 999.45 16204.8 -10273.6 -6165.54 9143.83 -376.775 -137.315 58.3052 -1530.18 1237.85 -11145.8 5921.84 9625.99 1142.52 -5607.33 -4149.16 -4863.59 6641.43 4718.29 -10139.8 -7403.7 5677.6 12063.9 -3412.45 1073.61 -858.609 -3463.74 4882.82 -1076.81 3762.85 2643.52 1159.94 -1512.58 -3715.13 -2880.99 5794.52 -2388.79 -5131.28 -5667.97 5420.31 3089.53 -2812.02 -2181.32 -10583 -2570.4 -1856.65 -1616.44 3101.79 5287.92 -2307.74 810.277 -3159.61 3372.99 2002.87 -5559.08 -2165.82 5823.07 1869.58 2336.3 1268.72 -2562.27 1158.36 -2410.18 1144.67 1153.03 -98.281 -47.8155 0.391465 -3.63798e-12 
